FILE: global_correlation_matrix.csv
===================================================================================================================================================================================================================================================================================================================================================================================================================================================================================================================================================================================================================================================================================================================================================
                   Feature   ret_5d  ret_10d  ret_20d intraday_range open_close_spread 52w_high_dist ma_ratio_50_200 macd_signal macd_hist   rsi_14 volume_ratio_20d volume_ratio_5d vwap_deviation volume_momentum      mfi volume_price_trend nifty_daily_return nifty_5d_return nifty_vol_20d vix_level bank_return pharma_return auto_return volatility_ratio_20d_60d rolling_kurtosis_20d rolling_volatility_10d rolling_skewness_20d  atr_14d volatility_ratio_5d_20d upper_shadow_ratio candle_direction consecutive_down_days keltner_channel_position cs_return_z sector_relative_return relative_strength_vs_nifty return_rank_pct_20d market_relative_return breakout_signal mean_reversion rsi_vol_diverg trend_strength vol_weight_mom
                    ret_5d   1.0000   0.6569   0.4488        -0.0551            0.3559        0.2945         -0.0280      0.1065    0.5850   0.5548           0.0516         -0.0278         0.7233          0.0509   0.4507             0.0977             0.2282          0.5175       -0.0907   -0.1155      0.1769        0.1359         NaN                  -0.0209              -0.0097                -0.0118               0.1291  -0.0245                  0.0282             0.0377           0.2875               -0.3923                   0.7327      0.3060                 0.2715                     0.3608              0.3624                 0.3621          0.2384        -0.9785         0.2350         0.1554         0.4764
                   ret_10d   0.6569   1.0000   0.6675        -0.0597            0.2416        0.3869         -0.0296      0.3160    0.7558   0.8071           0.0140         -0.0189         0.8938         -0.0001   0.6813             0.1466             0.1666          0.3560       -0.1730   -0.1610      0.1310        0.0912         NaN                  -0.0384               0.0149                -0.0406               0.2176  -0.0377                 -0.0207             0.0249           0.1895               -0.2739                   0.8589      0.2056                 0.3936                     0.5221              0.5165                 0.5239          0.2177        -0.6622         0.1560         0.1929         0.6787
                   ret_20d   0.4488   0.6675   1.0000        -0.0512            0.1755        0.4982          0.0204      0.6519    0.4836   0.7912          -0.0019         -0.0103         0.8173          0.0098   0.7237             0.2204             0.1224          0.2427       -0.2936   -0.2153      0.0934        0.0786         NaN                  -0.0491               0.0663                -0.0782               0.3664  -0.0431                 -0.0046             0.0373           0.1341               -0.1898                   0.8409      0.1410                 0.5849                     0.7812              0.7681                 0.7833          0.1789        -0.4675         0.1136         0.2307         0.9714
            intraday_range  -0.0551  -0.0597  -0.0512         1.0000           -0.0088       -0.1589         -0.0641     -0.0698   -0.0518  -0.0848           0.4030          0.3431        -0.0760          0.3267  -0.0377             0.0493            -0.1168         -0.1646        0.3415    0.3732     -0.0881       -0.1005         NaN                   0.0876              -0.0003                 0.5167               0.0186   0.0376                  0.2334            -0.1791           0.0260                0.0735                  -0.0892      0.0716                 0.0799                     0.0646              0.0880                 0.0652          0.1765         0.0724        -0.2037         0.3433        -0.0376
         open_close_spread   0.3559   0.2416   0.1755        -0.0088            1.0000        0.1379         -0.0261      0.0070    0.1344   0.2087           0.0829          0.0987         0.3101          0.0638   0.1214             0.0117             0.3303          0.1520       -0.0066   -0.0343      0.2709        0.2205         NaN                  -0.0133              -0.0119                -0.0169               0.0019  -0.0001                  0.0115             0.1715           0.8663               -0.7031                   0.3306      0.7629                 0.1266                     0.1594              0.1569                 0.1596          0.2053        -0.3628         0.4640         0.0705         0.1993
             52w_high_dist   0.2945   0.3869   0.4982        -0.1589            0.1379        1.0000          0.6321      0.5615    0.1327   0.4463           0.0440          0.0078         0.4539          0.0223   0.4000             0.3033             0.0839          0.1434       -0.3197   -0.3208      0.0375        0.0846         NaN                   0.0335              -0.0106                -0.2337               0.2005   0.0216                  0.0379             0.0279           0.1041               -0.1410                   0.5373      0.1091                 0.2942                     0.3954              0.3762                 0.3946          0.1179        -0.2951         0.0753         0.0840         0.4818
           ma_ratio_50_200  -0.0280  -0.0296   0.0204        -0.0641           -0.0261        0.6321          1.0000      0.2076   -0.1872  -0.0161           0.0076         -0.0044        -0.0348         -0.0010  -0.0174             0.3968            -0.0017         -0.0303       -0.2913   -0.3569     -0.0371        0.0232         NaN                   0.1082               0.0111                -0.1208               0.0582   0.0145                  0.0249            -0.0001          -0.0265                0.0152                   0.0300     -0.0073                 0.0433                     0.0235              0.0391                 0.0222          0.0040         0.0363        -0.0102        -0.0734        -0.0039
               macd_signal   0.1065   0.3160   0.6519        -0.0698            0.0070        0.5615          0.2076      1.0000    0.0540   0.4827          -0.0138         -0.0130         0.4132         -0.0048   0.4670             0.1797             0.0141          0.0642       -0.3364   -0.2457      0.0011        0.0203         NaN                  -0.0156               0.0862                -0.1208               0.2919   0.1329                  0.0187             0.0366           0.0022               -0.0081                   0.5245     -0.0075                 0.3449                     0.4848              0.4662                 0.4848          0.0574        -0.1159         0.0018         0.1675         0.6367
                 macd_hist   0.5850   0.7558   0.4836        -0.0518            0.1344        0.1327         -0.1872      0.0540    1.0000   0.6931          -0.0021         -0.0316         0.7364         -0.0101   0.5805            -0.0148             0.0988          0.3309       -0.0523   -0.0545      0.0802        0.0311         NaN                  -0.0451              -0.0215                -0.0217               0.1340  -0.0045                 -0.0297            -0.0007           0.1076               -0.1763                   0.6470      0.1056                 0.3045                     0.3867              0.3877                 0.3882          0.1548        -0.6000         0.0961         0.1150         0.5022
                    rsi_14   0.5548   0.8071   0.7912        -0.0848            0.2087        0.4463         -0.0161      0.4827    0.6931   1.0000           0.0087         -0.0128         0.9042          0.0130   0.8551             0.1616             0.1507          0.3289       -0.2526   -0.2052      0.1163        0.0670         NaN                  -0.0759               0.0321                -0.1157               0.2689  -0.0409                 -0.0137             0.0341           0.1622               -0.2402                   0.8886      0.1714                 0.4465                     0.5938              0.5861                 0.5959          0.1962        -0.5815         0.1412         0.2084         0.7893
          volume_ratio_20d   0.0516   0.0140  -0.0019         0.4030            0.0829        0.0440          0.0076     -0.0138   -0.0021   0.0087           1.0000          0.7460         0.0133          0.7025   0.0005            -0.0234            -0.0100         -0.0209        0.0156    0.0410     -0.0128       -0.0057         NaN                  -0.0499              -0.0589                 0.0709               0.0106   0.0087                  0.2917            -0.0575           0.0806               -0.0327                   0.0456      0.1106                -0.0137                    -0.0119             -0.0129                -0.0112          0.2625        -0.0579        -0.2853         0.4452         0.0626
           volume_ratio_5d  -0.0278  -0.0189  -0.0103         0.3431            0.0987        0.0078         -0.0044     -0.0130   -0.0316  -0.0128           0.7460          1.0000        -0.0119          0.5950  -0.0139            -0.0146            -0.0248         -0.0434        0.0144    0.0278     -0.0213       -0.0169         NaN                  -0.0442              -0.0381                -0.0587              -0.0120  -0.0121                 -0.0239            -0.0492           0.0956               -0.0373                  -0.0000      0.1224                -0.0020                    -0.0031             -0.0050                -0.0027          0.2247         0.0189        -0.3935         0.3002         0.0409
            vwap_deviation   0.7233   0.8938   0.8173        -0.0760            0.3101        0.4539         -0.0348      0.4132    0.7364   0.9042           0.0133         -0.0119         1.0000          0.0155   0.7692             0.1639             0.1983          0.3920       -0.2128   -0.1853      0.1524        0.1129         NaN                  -0.0546               0.0233                -0.0770               0.2539  -0.0338                 -0.0214             0.0373           0.2438               -0.3381                   0.9508      0.2635                 0.4815                     0.6365              0.6279                 0.6387          0.2283        -0.7239         0.1981         0.2226         0.8163
           volume_momentum   0.0509  -0.0001   0.0098         0.3267            0.0638        0.0223         -0.0010     -0.0048   -0.0101   0.0130           0.7025          0.5950         0.0155          1.0000   0.0084            -0.0071            -0.0052         -0.0403       -0.0036    0.0117     -0.0185       -0.0061         NaN                  -0.0214              -0.0175                -0.0100               0.0112  -0.0130                  0.2383            -0.0442           0.0632               -0.0356                   0.0356      0.0872                 0.0034                     0.0062              0.0060                 0.0069          0.2305        -0.0506        -0.2009         0.3156         0.0558
                       mfi   0.4507   0.6813   0.7237        -0.0377            0.1214        0.4000         -0.0174      0.4670    0.5805   0.8551           0.0005         -0.0139         0.7692          0.0084   1.0000             0.1817             0.0955          0.2502       -0.2068   -0.1546      0.0739        0.0314         NaN                  -0.0677               0.0524                -0.0554               0.2011  -0.0439                 -0.0027             0.0519           0.0931               -0.1757                   0.7652      0.1049                 0.4229                     0.5570              0.5501                 0.5588          0.1650        -0.4736         0.1019         0.1984         0.7186
        volume_price_trend   0.0977   0.1466   0.2204         0.0493            0.0117        0.3033          0.3968      0.1797   -0.0148   0.1616          -0.0234         -0.0146         0.1639         -0.0071   0.1817             1.0000             0.0162          0.0347       -0.2319   -0.2447      0.0005        0.0373         NaN                   0.0347               0.0116                 0.0225               0.1097  -0.4601                  0.0020             0.0239           0.0132               -0.0436                   0.1998      0.0343                 0.1406                     0.1996              0.1962                 0.1993          0.0556        -0.0757         0.0222         0.0287         0.1953
        nifty_daily_return   0.2282   0.1666   0.1224        -0.1168            0.3303        0.0839         -0.0017      0.0141    0.0988   0.1507          -0.0100         -0.0248         0.1983         -0.0052   0.0955             0.0162             1.0000          0.4420       -0.0375   -0.1034      0.8438        0.5239         NaN                  -0.0094              -0.0068                -0.0121               0.0155  -0.0050                  0.0057            -0.0359           0.2714               -0.4094                   0.2150     -0.0265                -0.0032                    -0.0075              0.0010                -0.0066          0.0591        -0.2379         0.3150         0.0149         0.1326
           nifty_5d_return   0.5175   0.3560   0.2427        -0.1646            0.1520        0.1434         -0.0303      0.0642    0.3309   0.3289          -0.0209         -0.0434         0.3920         -0.0403   0.2502             0.0347             0.4420          1.0000       -0.0954   -0.1355      0.3696        0.2079         NaN                  -0.0335              -0.0076                -0.0596               0.0378  -0.0139                 -0.0641            -0.0034           0.1230               -0.2366                   0.3996     -0.0177                -0.0040                    -0.0255              0.0003                -0.0238          0.0775        -0.5255         0.1391         0.0534         0.2575
             nifty_vol_20d  -0.0907  -0.1730  -0.2936         0.3415           -0.0066       -0.3197         -0.2913     -0.3364   -0.0523  -0.2526           0.0156          0.0144        -0.2128         -0.0036  -0.2068            -0.2319            -0.0375         -0.0954        1.0000    0.8837     -0.0163       -0.0485         NaN                   0.0544              -0.0703                 0.4544              -0.1385   0.1115                 -0.0003             0.0073           0.0149                0.0254                  -0.2763      0.0104                 0.0224                    -0.0393              0.0018                -0.0407         -0.0563         0.1043        -0.0084         0.0681        -0.2828
                 vix_level  -0.1155  -0.1610  -0.2153         0.3732           -0.0343       -0.3208         -0.3569     -0.2457   -0.0545  -0.2052           0.0410          0.0278        -0.1853          0.0117  -0.1546            -0.2447            -0.1034         -0.1355        0.8837    1.0000     -0.0460       -0.1268         NaN                  -0.0541              -0.0689                 0.4461              -0.1217   0.1019                  0.0143             0.0086          -0.0109                0.0620                  -0.2336      0.0130                 0.0252                    -0.0302              0.0047                -0.0311         -0.0463         0.1195        -0.0327         0.1434        -0.2012
               bank_return   0.1769   0.1310   0.0934        -0.0881            0.2709        0.0375         -0.0371      0.0011    0.0802   0.1163          -0.0128         -0.0213         0.1524         -0.0185   0.0739             0.0005             0.8438          0.3696       -0.0163   -0.0460      1.0000        0.3001         NaN                  -0.0280              -0.0191                 0.0008               0.0139  -0.0053                 -0.0100            -0.0336           0.2197               -0.3318                   0.1677     -0.0229                -0.0003                    -0.0148              0.0008                -0.0140          0.0380        -0.1902         0.2599         0.0195         0.1021
             pharma_return   0.1359   0.0912   0.0786        -0.1005            0.2205        0.0846          0.0232      0.0203    0.0311   0.0670          -0.0057         -0.0169         0.1129         -0.0061   0.0314             0.0373             0.5239          0.2079       -0.0485   -0.1268      0.3001        1.0000         NaN                   0.0199               0.0057                -0.0269               0.0026  -0.0030                 -0.0081             0.0098           0.1782               -0.2709                   0.1302     -0.0122                -0.0049                     0.0092             -0.0003                 0.0095          0.0334        -0.1469         0.2082        -0.0122         0.0833
               auto_return      NaN      NaN      NaN            NaN               NaN           NaN             NaN         NaN       NaN      NaN              NaN             NaN            NaN             NaN      NaN                NaN                NaN             NaN           NaN       NaN         NaN           NaN         NaN                      NaN                  NaN                    NaN                  NaN      NaN                     NaN                NaN              NaN                   NaN                      NaN         NaN                    NaN                        NaN                 NaN                    NaN             NaN            NaN            NaN            NaN            NaN
  volatility_ratio_20d_60d  -0.0209  -0.0384  -0.0491         0.0876           -0.0133        0.0335          0.1082     -0.0156   -0.0451  -0.0759          -0.0499         -0.0442        -0.0546         -0.0214  -0.0677             0.0347            -0.0094         -0.0335        0.0544   -0.0541     -0.0280        0.0199         NaN                   1.0000               0.3010                 0.3655               0.0636   0.0866                 -0.0718            -0.0463          -0.0109                0.0223                  -0.0598     -0.0041                 0.0661                     0.0218              0.0569                 0.0215          0.0149         0.0581        -0.0062         0.0568        -0.0794
      rolling_kurtosis_20d  -0.0097   0.0149   0.0663        -0.0003           -0.0119       -0.0106          0.0111      0.0862   -0.0215   0.0321          -0.0589         -0.0381         0.0233         -0.0175   0.0524             0.0116            -0.0068         -0.0076       -0.0703   -0.0689     -0.0191        0.0057         NaN                   0.3010               1.0000                 0.1251               0.0912   0.0498                 -0.1297             0.0199          -0.0157                0.0157                   0.0355     -0.0101                 0.0184                     0.0424              0.0490                 0.0426          0.0351         0.0135         0.0015         0.0540         0.0568
    rolling_volatility_10d  -0.0118  -0.0406  -0.0782         0.5167           -0.0169       -0.2337         -0.1208     -0.1208   -0.0217  -0.1157           0.0709         -0.0587        -0.0770         -0.0100  -0.0554             0.0225            -0.0121         -0.0596        0.4544    0.4461      0.0008       -0.0269         NaN                   0.3655               0.1251                 1.0000               0.0088   0.0613                  0.2650            -0.0511           0.0033                0.0101                  -0.0978      0.0097                 0.0862                     0.0512              0.0812                 0.0518          0.0604         0.0509         0.0200         0.2451        -0.0965
      rolling_skewness_20d   0.1291   0.2176   0.3664         0.0186            0.0019        0.2005          0.0582      0.2919    0.1340   0.2689           0.0106         -0.0120         0.2539          0.0112   0.2011             0.1097             0.0155          0.0378       -0.1385   -0.1217      0.0139        0.0026         NaN                   0.0636               0.0912                 0.0088               1.0000   0.0192                  0.0179             0.0167          -0.0206                0.0315                   0.3010      0.0089                 0.2839                     0.3492              0.3624                 0.3500          0.1073        -0.1330        -0.0210         0.1103         0.3489
                   atr_14d  -0.0245  -0.0377  -0.0431         0.0376           -0.0001        0.0216          0.0145      0.1329   -0.0045  -0.0409           0.0087         -0.0121        -0.0338         -0.0130  -0.0439            -0.4601            -0.0050         -0.0139        0.1115    0.1019     -0.0053       -0.0030         NaN                   0.0866               0.0498                 0.0613               0.0192   1.0000                  0.0078            -0.0090           0.0009                0.0197                  -0.0383     -0.0114                -0.0166                    -0.0275             -0.0217                -0.0273         -0.0138         0.0328        -0.0010         0.0558        -0.0532
   volatility_ratio_5d_20d   0.0282  -0.0207  -0.0046         0.2334            0.0115        0.0379          0.0249      0.0187   -0.0297  -0.0137           0.2917         -0.0239        -0.0214          0.2383  -0.0027             0.0020             0.0057         -0.0641       -0.0003    0.0143     -0.0100       -0.0081         NaN                  -0.0718              -0.1297                 0.2650               0.0179   0.0078                  1.0000            -0.1146           0.0170               -0.0149                   0.0140      0.0139                 0.0137                     0.0286              0.0233                 0.0290          0.1352        -0.0237         0.0179         0.1513         0.0208
        upper_shadow_ratio   0.0377   0.0249   0.0373        -0.1791            0.1715        0.0279         -0.0001      0.0366   -0.0007   0.0341          -0.0575         -0.0492         0.0373         -0.0442   0.0519             0.0239            -0.0359         -0.0034        0.0073    0.0086     -0.0336        0.0098         NaN                  -0.0463               0.0199                -0.0511               0.0167  -0.0090                 -0.1146             1.0000           0.1343               -0.1093                   0.0430      0.1359                 0.0281                     0.0510              0.0460                 0.0507         -0.0271        -0.0313         0.1048        -0.0316         0.0330
          candle_direction   0.2875   0.1895   0.1341         0.0260            0.8663        0.1041         -0.0265      0.0022    0.1076   0.1622           0.0806          0.0956         0.2438          0.0632   0.0931             0.0132             0.2714          0.1230        0.0149   -0.0109      0.2197        0.1782         NaN                  -0.0109              -0.0157                 0.0033              -0.0206   0.0009                  0.0170             0.1343           1.0000               -0.6655                   0.2653      0.6466                 0.0976                     0.1251              0.1242                 0.1253          0.1460        -0.2959         0.4381         0.0639         0.1520
     consecutive_down_days  -0.3923  -0.2739  -0.1898         0.0735           -0.7031       -0.1410          0.0152     -0.0081   -0.1763  -0.2402          -0.0327         -0.0373        -0.3381         -0.0356  -0.1757            -0.0436            -0.4094         -0.2366        0.0254    0.0620     -0.3318       -0.2709         NaN                   0.0223               0.0157                 0.0101               0.0315   0.0197                 -0.0149            -0.1093          -0.6655                1.0000                  -0.3639     -0.6185                -0.1072                    -0.1410             -0.1397                -0.1414         -0.1416         0.4070        -0.6475        -0.0492        -0.2081
  keltner_channel_position   0.7327   0.8589   0.8409        -0.0892            0.3306        0.5373          0.0300      0.5245    0.6470   0.8886           0.0456         -0.0000         0.9508          0.0356   0.7652             0.1998             0.2150          0.3996       -0.2763   -0.2336      0.1677        0.1302         NaN                  -0.0598               0.0355                -0.0978               0.3010  -0.0383                  0.0140             0.0430           0.2653               -0.3639                   1.0000      0.2803                 0.4766                     0.6482              0.6395                 0.6502          0.2507        -0.7595         0.2175         0.2583         0.8477
               cs_return_z   0.3060   0.2056   0.1410         0.0716            0.7629        0.1091         -0.0073     -0.0075    0.1056   0.1714           0.1106          0.1224         0.2635          0.0872   0.1049             0.0343            -0.0265         -0.0177        0.0104    0.0130     -0.0229       -0.0122         NaN                  -0.0041              -0.0101                 0.0097               0.0089  -0.0114                  0.0139             0.1359           0.6466               -0.6185                   0.2803      1.0000                 0.1539                     0.1856              0.1899                 0.1855          0.2187        -0.3020         0.3938         0.0879         0.1651
    sector_relative_return   0.2715   0.3936   0.5849         0.0799            0.1266        0.2942          0.0433      0.3449    0.3045   0.4465          -0.0137         -0.0020         0.4815          0.0034   0.4229             0.1406            -0.0032         -0.0040        0.0224    0.0252     -0.0003       -0.0049         NaN                   0.0661               0.0184                 0.0862               0.2839  -0.0166                  0.0137             0.0281           0.0976               -0.1072                   0.4766      0.1539                 1.0000                     0.7393              0.7547                 0.7394          0.1244        -0.2609         0.0602         0.1182         0.5294
relative_strength_vs_nifty   0.3608   0.5221   0.7812         0.0646            0.1594        0.3954          0.0235      0.4848    0.3867   0.5938          -0.0119         -0.0031         0.6365          0.0062   0.5570             0.1996            -0.0075         -0.0255       -0.0393   -0.0302     -0.0148        0.0092         NaN                   0.0218               0.0424                 0.0512               0.3492  -0.0275                  0.0286             0.0510           0.1251               -0.1410                   0.6482      0.1856                 0.7393                     1.0000              0.9634                 0.9997          0.1505        -0.3644         0.0844         0.1568         0.7352
       return_rank_pct_20d   0.3624   0.5165   0.7681         0.0880            0.1569        0.3762          0.0391      0.4662    0.3877   0.5861          -0.0129         -0.0050         0.6279          0.0060   0.5501             0.1962             0.0010          0.0003        0.0018    0.0047      0.0008       -0.0003         NaN                   0.0569               0.0490                 0.0812               0.3624  -0.0217                  0.0233             0.0460           0.1242               -0.1397                   0.6395      0.1899                 0.7547                     0.9634              1.0000                 0.9637          0.1537        -0.3639         0.0845         0.1780         0.7212
    market_relative_return   0.3621   0.5239   0.7833         0.0652            0.1596        0.3946          0.0222      0.4848    0.3882   0.5959          -0.0112         -0.0027         0.6387          0.0069   0.5588             0.1993            -0.0066         -0.0238       -0.0407   -0.0311     -0.0140        0.0095         NaN                   0.0215               0.0426                 0.0518               0.3500  -0.0273                  0.0290             0.0507           0.1253               -0.1414                   0.6502      0.1855                 0.7394                     0.9997              0.9637                 1.0000          0.1515        -0.3657         0.0848         0.1644         0.7366
           breakout_signal   0.2384   0.2177   0.1789         0.1765            0.2053        0.1179          0.0040      0.0574    0.1548   0.1962           0.2625          0.2247         0.2283          0.2305   0.1650             0.0556             0.0591          0.0775       -0.0563   -0.0463      0.0380        0.0334         NaN                   0.0149               0.0351                 0.0604               0.1073  -0.0138                  0.1352            -0.0271           0.1460               -0.1416                   0.2507      0.2187                 0.1244                     0.1505              0.1537                 0.1515          1.0000        -0.2483         0.0235         0.2219         0.2455
            mean_reversion  -0.9785  -0.6622  -0.4675         0.0724           -0.3628       -0.2951          0.0363     -0.1159   -0.6000  -0.5815          -0.0579          0.0189        -0.7239         -0.0506  -0.4736            -0.0757            -0.2379         -0.5255        0.1043    0.1195     -0.1902       -0.1469         NaN                   0.0581               0.0135                 0.0509              -0.1330   0.0328                 -0.0237            -0.0313          -0.2959                0.4070                  -0.7595     -0.3020                -0.2609                    -0.3644             -0.3639                -0.3657         -0.2483         1.0000        -0.2459        -0.1564        -0.4944
            rsi_vol_diverg   0.2350   0.1560   0.1136        -0.2037            0.4640        0.0753         -0.0102      0.0018    0.0961   0.1412          -0.2853         -0.3935         0.1981         -0.2009   0.1019             0.0222             0.3150          0.1391       -0.0084   -0.0327      0.2599        0.2082         NaN                  -0.0062               0.0015                 0.0200              -0.0210  -0.0010                  0.0179             0.1048           0.4381               -0.6475                   0.2175      0.3938                 0.0602                     0.0844              0.0845                 0.0848          0.0235        -0.2459         1.0000        -0.0800         0.1050
            trend_strength   0.1554   0.1929   0.2307         0.3433            0.0705        0.0840         -0.0734      0.1675    0.1150   0.2084           0.4452          0.3002         0.2226          0.3156   0.1984             0.0287             0.0149          0.0534        0.0681    0.1434      0.0195       -0.0122         NaN                   0.0568               0.0540                 0.2451               0.1103   0.0558                  0.1513            -0.0316           0.0639               -0.0492                   0.2583      0.0879                 0.1182                     0.1568              0.1780                 0.1644          0.2219        -0.1564        -0.0800         1.0000         0.2582
            vol_weight_mom   0.4764   0.6787   0.9714        -0.0376            0.1993        0.4818         -0.0039      0.6367    0.5022   0.7893           0.0626          0.0409         0.8163          0.0558   0.7186             0.1953             0.1326          0.2575       -0.2828   -0.2012      0.1021        0.0833         NaN                  -0.0794               0.0568                -0.0965               0.3489  -0.0532                  0.0208             0.0330           0.1520               -0.2081                   0.8477      0.1651                 0.5294                     0.7352              0.7212                 0.7366          0.2455        -0.4944         0.1050         0.2582         1.0000
===================================================================================================================================================================================================================================================================================================================================================================================================================================================================================================================================================================================================================================================================================================================================================
