+----------------------+--------------+--------------+--------------+--------------+--------------+--------------+--------------+--------------+--------------+--------------+--------------+--------------+
|                      |   log_ret_1d |       ret_5d |      ret_10d |      ret_20d |      ret_60d |     ret_120d | intraday_ran | open_close_s |   gap_return | close_to_hig | 52w_high_dis | 52w_low_dist |
+----------------------+--------------+--------------+--------------+--------------+--------------+--------------+--------------+--------------+--------------+--------------+--------------+--------------+
| log_ret_1d           |         1.00 |         0.40 |         0.28 |         0.20 |         0.11 |         0.06 |        -0.05 |         0.86 |         0.36 |        -0.65 |        -0.13 |         0.09 |
| ret_5d               |         0.40 |         1.00 |         0.66 |         0.45 |         0.24 |         0.15 |        -0.07 |         0.35 |         0.15 |        -0.29 |        -0.26 |         0.20 |
| ret_10d              |         0.28 |         0.66 |         1.00 |         0.67 |         0.35 |         0.22 |        -0.07 |         0.24 |         0.13 |        -0.20 |        -0.35 |         0.28 |
| ret_20d              |         0.20 |         0.45 |         0.67 |         1.00 |         0.51 |         0.34 |        -0.05 |         0.17 |         0.08 |        -0.14 |        -0.47 |         0.40 |
| ret_60d              |         0.11 |         0.24 |         0.35 |         0.51 |         1.00 |         0.60 |        -0.06 |         0.09 |         0.06 |        -0.07 |        -0.64 |         0.59 |
| ret_120d             |         0.06 |         0.15 |         0.22 |         0.34 |         0.60 |         1.00 |        -0.07 |         0.05 |         0.03 |        -0.06 |        -0.72 |         0.68 |
| intraday_range       |        -0.05 |        -0.07 |        -0.07 |        -0.05 |        -0.06 |        -0.07 |         1.00 |        -0.04 |        -0.01 |         0.49 |         0.20 |         0.03 |
| open_close_spread    |         0.86 |         0.35 |         0.24 |         0.17 |         0.09 |         0.05 |        -0.04 |         1.00 |        -0.08 |        -0.72 |        -0.11 |         0.05 |
| gap_return           |         0.36 |         0.15 |         0.13 |         0.08 |         0.06 |         0.03 |        -0.01 |        -0.08 |         1.00 |         0.02 |        -0.04 |         0.09 |
| close_to_high_dist   |        -0.65 |        -0.29 |        -0.20 |        -0.14 |        -0.07 |        -0.06 |         0.49 |        -0.72 |         0.02 |         1.00 |         0.17 |        -0.00 |
| 52w_high_dist        |        -0.13 |        -0.26 |        -0.35 |        -0.47 |        -0.64 |        -0.72 |         0.20 |        -0.11 |        -0.04 |         0.17 |         1.00 |        -0.57 |
| 52w_low_dist         |         0.09 |         0.20 |         0.28 |         0.40 |         0.59 |         0.68 |         0.03 |         0.05 |         0.09 |        -0.00 |        -0.57 |         1.00 |
+----------------------+--------------+--------------+--------------+--------------+--------------+--------------+--------------+--------------+--------------+--------------+--------------+--------------+
