      Date  Universe_Size  Daily_Rank_IC  Long_Short_Spread  Top_Quantile_Return  Bottom_Quantile_Return  Cross_Hit_Rate  Cumulative_Rank_IC  Cumulative_LS_Spread
2024-01-02             49      -0.029490           0.002273            -0.000116               -0.002388       51.020408           -0.029490              1.002273
2024-01-03             49      -0.202449          -0.015157            -0.012152                0.003005       38.775510           -0.231939              0.987081
2024-01-04             49       0.004592          -0.000807             0.015561                0.016367       51.020408           -0.227347              0.986285
2024-01-05             49       0.112755           0.004968             0.003132               -0.001836       55.102041           -0.114592              0.991185
2024-01-08             49      -0.075306          -0.000254            -0.007004               -0.006750       42.857143           -0.189898              0.990933
2024-01-09             49      -0.105204          -0.004215             0.005627                0.009842       42.857143           -0.295102              0.986756
2024-01-10             49       0.077857           0.002007             0.003411                0.001404       46.938776           -0.217245              0.988736
2024-01-11             49      -0.084543          -0.002628             0.003550                0.006178       42.857143           -0.301788              0.986138
2024-01-12             49      -0.123878          -0.009014             0.002536                0.011549       51.020408           -0.425665              0.977249
2024-01-15             49      -0.169082          -0.009736            -0.000793                0.008943       42.857143           -0.594747              0.967734
2024-01-16             49       0.367449           0.009698             0.001986               -0.007711       67.346939           -0.227298              0.977119
2024-01-17             49      -0.097857          -0.000052            -0.012251               -0.012199       34.693878           -0.325155              0.977068
2024-01-18             49       0.008469           0.006362            -0.000909               -0.007271       46.938776           -0.316686              0.983284
2024-01-19             49      -0.092959          -0.005637             0.012099                0.017736       51.020408           -0.409645              0.977741
2024-01-20             49      -0.116429           0.003363            -0.000543               -0.003905       38.775510           -0.526074              0.981029
2024-01-23             49      -0.119796          -0.007984            -0.014114               -0.006130       42.857143           -0.645870              0.973197
2024-01-24             49      -0.077449          -0.000643             0.010568                0.011212       51.020408           -0.723318              0.972570
2024-01-25             49       0.044490           0.001214            -0.004053               -0.005267       46.938776           -0.678829              0.973751
2024-01-29             49      -0.196229          -0.015901             0.012019                0.027919       46.938776           -0.875058              0.958268
2024-01-30             49       0.164796           0.004044            -0.004914               -0.008958       51.020408           -0.710262              0.962143
2024-01-31             49      -0.082347           0.001923             0.007489                0.005566       38.775510           -0.792609              0.963993
2024-02-01             49       0.149545           0.004779             0.006096                0.001317       55.102041           -0.643065              0.968600
2024-02-02             48      -0.189970          -0.006679             0.005579                0.012257       50.000000           -0.833034              0.962131
2024-02-05             49      -0.057143           0.005021             0.009255                0.004234       51.020408           -0.890177              0.966962
2024-02-07             48       0.119301           0.021677             0.021782                0.000105       58.333333           -0.770876              0.987922
2024-02-08             49      -0.470816          -0.029974            -0.016747                0.013227       26.530612           -1.241692              0.958310
2024-02-09             49       0.017347          -0.006378             0.000992                0.007370       51.020408           -1.224346              0.952198
2024-02-12             49      -0.021939          -0.001834            -0.003413               -0.001579       42.857143           -1.246284              0.950452
2024-02-13             49      -0.121939           0.007224             0.005021               -0.002203       42.857143           -1.368223              0.957318
2024-02-14             49      -0.106429          -0.004317             0.003998                0.008316       46.938776           -1.474652              0.953185
2024-02-15             49      -0.066020          -0.001913            -0.001722                0.000191       51.020408           -1.540672              0.951361
2024-02-16             49       0.007653          -0.001225             0.004808                0.006033       46.938776           -1.533019              0.950195
2024-02-19             49       0.156224           0.012203             0.008097               -0.004106       42.857143           -1.376794              0.961791
2024-02-20             49       0.133878           0.005154             0.009318                0.004164       59.183673           -1.242917              0.966748
2024-02-21             49       0.145204           0.006022            -0.008179               -0.014200       55.102041           -1.097713              0.972569
2024-02-22             49       0.056735           0.000511             0.006918                0.006407       55.102041           -1.040978              0.973066
2024-02-23             49       0.088980          -0.009777             0.001519                0.011296       51.020408           -0.951999              0.963552
2024-02-26             49      -0.091633          -0.002865            -0.005547               -0.002682       42.857143           -1.043631              0.960792
2024-02-27             49      -0.195510          -0.003616             0.000680                0.004296       42.857143           -1.239141              0.957318
2024-02-28             49      -0.022041          -0.000686            -0.011592               -0.010906       51.020408           -1.261182              0.956661
2024-02-29             49      -0.039286           0.000149             0.003230                0.003080       46.938776           -1.300468              0.956804
2024-03-01             49       0.215204           0.013912             0.013588               -0.000324       59.183673           -1.085264              0.970115
2024-03-02             49      -0.183673          -0.004089             0.001967                0.006055       38.775510           -1.268937              0.966149
2024-03-04             49      -0.079082          -0.006358             0.001100                0.007458       51.020408           -1.348019              0.960006
2024-03-05             49      -0.137041          -0.004055             0.000016                0.004071       46.938776           -1.485060              0.956113
2024-03-06             49       0.047449           0.005402             0.008865                0.003463       46.938776           -1.437611              0.961278
2024-03-07             49       0.062347          -0.001712             0.009091                0.010803       63.265306           -1.375264              0.959633
2024-03-11             49       0.213061           0.000222            -0.003991               -0.004214       59.183673           -1.162203              0.959846
2024-03-12             49       0.305926           0.007259             0.000088               -0.007170       67.346939           -0.856276              0.966814
2024-03-13             49       0.209898           0.014656            -0.010823               -0.025479       55.102041           -0.646379              0.980984
2024-03-14             49      -0.209592          -0.014989             0.004649                0.019637       46.938776           -0.855970              0.966280
2024-03-15             49       0.246837           0.010382             0.002365               -0.008016       59.183673           -0.609134              0.976311
2024-03-18             49      -0.068265          -0.007370             0.002349                0.009720       42.857143           -0.677399              0.969116
2024-03-19             49       0.121735           0.002988            -0.005554               -0.008542       51.020408           -0.555664              0.972011
2024-03-20             49       0.085204          -0.001931             0.001371                0.003302       59.183673           -0.470460              0.970135
2024-03-21             49      -0.046633          -0.006472             0.006906                0.013377       46.938776           -0.517093              0.963856
2024-03-22             49      -0.090612          -0.004882             0.002829                0.007711       46.938776           -0.607705              0.959151
2024-03-26             49       0.020000           0.003189            -0.000460               -0.003649       46.938776           -0.587705              0.962210
2024-03-27             49      -0.160000          -0.000916             0.004873                0.005789       34.693878           -0.747705              0.961328
2024-03-28             48      -0.052757           0.000485             0.008608                0.008123       45.833333           -0.800462              0.961794
2024-04-01             49       0.018878           0.005067             0.009305                0.004238       51.020408           -0.781585              0.966668
2024-04-02             49      -0.161327          -0.004024            -0.002288                0.001737       46.938776           -0.942911              0.962778
2024-04-03             49      -0.011429          -0.002253            -0.002985               -0.000733       63.265306           -0.954340              0.960609
2024-04-04             49       0.206633           0.009133             0.005949               -0.003184       55.102041           -0.747707              0.969382
2024-04-05             49       0.248776           0.002911             0.001185               -0.001726       55.102041           -0.498932              0.972203
2024-04-09             49      -0.135918          -0.005750            -0.000016                0.005733       38.775510           -0.634850              0.966614
2024-04-10             49      -0.013776          -0.005208             0.003442                0.008650       46.938776           -0.648626              0.961580
2024-04-12             49      -0.089898          -0.004593            -0.008753               -0.004159       42.857143           -0.738524              0.957163
2024-04-15             49       0.093469          -0.000585            -0.011120               -0.010536       55.102041           -0.645054              0.956603
2024-04-16             49      -0.006837          -0.004121            -0.006968               -0.002847       59.183673           -0.651891              0.952661
2024-04-18             49      -0.247653          -0.017409            -0.015381                0.002028       42.857143           -0.899544              0.936077
2024-04-19             49       0.121429           0.007039             0.000053               -0.006986       51.020408           -0.778115              0.942666
2024-04-22             49       0.135918          -0.001054             0.011066                0.012120       67.346939           -0.642197              0.941673
2024-04-23             49       0.036122           0.002819             0.001334               -0.001485       51.020408           -0.606075              0.944328
2024-04-24             49       0.072449          -0.000202             0.003533                0.003735       46.938776           -0.533626              0.944136
2024-04-25             49      -0.204898          -0.006629             0.002311                0.008940       38.775510           -0.738524              0.937878
2024-04-26             49      -0.039694           0.000241             0.001057                0.000816       46.938776           -0.778217              0.938104
2024-04-29             49      -0.042449          -0.009400            -0.002498                0.006902       55.102041           -0.820666              0.929285
2024-04-30             49      -0.129694          -0.002273             0.000299                0.002572       51.020408           -0.950360              0.927173
2024-05-02             49      -0.239343          -0.004878            -0.000949                0.003928       42.857143           -1.189703              0.922651
2024-05-03             49      -0.072400           0.000388            -0.004908               -0.005296       46.938776           -1.262103              0.923009
2024-05-06             49       0.190510           0.005492             0.004426               -0.001065       63.265306           -1.071593              0.928078
2024-05-07             49       0.511429           0.023185             0.005842               -0.017343       71.428571           -0.560164              0.949595
2024-05-08             49      -0.354286          -0.012363            -0.002709                0.009654       34.693878           -0.914450              0.937856
2024-05-10             49      -0.019082          -0.004878            -0.002384                0.002493       51.020408           -0.933532              0.933281
2024-05-13             49       0.095510           0.021839             0.010176               -0.011662       46.938776           -0.838021              0.953663
2024-05-14             49      -0.169286          -0.003761             0.005075                0.008836       42.857143           -1.007307              0.950076
2024-05-15             49      -0.493878          -0.018941            -0.006652                0.012289       30.612245           -1.501185              0.932081
2024-05-16             49       0.126531           0.003554             0.008238                0.004684       55.102041           -1.374654              0.935393
2024-05-17             49      -0.458878          -0.014274            -0.001250                0.013023       38.775510           -1.833532              0.922041
2024-05-18             49      -0.181122          -0.006075             0.001735                0.007810       42.857143           -2.014654              0.916440
2024-05-21             49      -0.144592          -0.007537             0.002049                0.009586       42.857143           -2.159246              0.909533
2024-05-22             49       0.128167          -0.000639             0.003194                0.003833       55.102041           -2.031079              0.908951
2024-05-23             49      -0.040000           0.000403             0.011310                0.010907       42.857143           -2.071079              0.909318
2024-05-24             49      -0.085306           0.000707            -0.002977               -0.003684       42.857143           -2.156385              0.909960
2024-05-27             49       0.134082           0.005110            -0.000155               -0.005265       59.183673           -2.022304              0.914610
2024-05-28             49       0.335612           0.012025             0.002147               -0.009878       67.346939           -1.686691              0.925609
2024-05-29             49      -0.248673          -0.003396            -0.005683               -0.002287       38.775510           -1.935365              0.922465
2024-05-30             49      -0.297959          -0.006849            -0.017207               -0.010358       34.693878           -2.233324              0.916147
2024-05-31             49      -0.161327          -0.008338            -0.007576                0.000762       51.020408           -2.394651              0.908508
2024-06-03             49      -0.439490          -0.032510             0.010088                0.042598       26.530612           -2.834140              0.878972
2024-06-04             49       0.439694           0.071261            -0.030637               -0.101898       75.510204           -2.394447              0.941609
2024-06-05             49      -0.221020          -0.015284             0.023595                0.038879       42.857143           -2.615467              0.927217
2024-06-06             49      -0.046735          -0.006937             0.004546                0.011483       42.857143           -2.662202              0.920785
2024-06-07             49       0.072857           0.002964             0.018699                0.015736       46.938776           -2.589345              0.923514
2024-06-10             48      -0.156969          -0.005377            -0.000929                0.004448       37.500000           -2.746314              0.918549
2024-06-11             48      -0.082935           0.002290             0.001143               -0.001147       41.666667           -2.829249              0.920652
2024-06-12             48      -0.155449           0.001026             0.003565                0.002539       33.333333           -2.984698              0.921597
2024-06-13             48       0.054603           0.000793             0.005945                0.005152       54.166667           -2.930096              0.922328
2024-06-14             48      -0.279201          -0.011798             0.006490                0.018288       37.500000           -3.209297              0.911447
2024-06-18             48       0.075011          -0.002280             0.006305                0.008586       54.166667           -3.134286              0.909368
2024-06-19             48       0.172818           0.010046            -0.003761               -0.013807       58.333333           -2.961468              0.918503
2024-06-20             48      -0.053626          -0.002290             0.000449                0.002738       41.666667           -3.015094              0.916400
2024-06-21             48      -0.089340          -0.004324            -0.008480               -0.004156       45.833333           -3.104434              0.912438
2024-06-24             48      -0.154798          -0.002415             0.004711                0.007126       37.500000           -3.259232              0.910234
2024-06-25             48      -0.056122          -0.003997             0.000222                0.004218       45.833333           -3.315354              0.906596
2024-06-26             48       0.105732           0.002424            -0.004010               -0.006434       58.333333           -3.209622              0.908793
2024-06-27             48      -0.059053          -0.005846             0.004385                0.010231       54.166667           -3.268676              0.903480
2024-06-28             48       0.157620           0.003634             0.007954                0.004320       54.166667           -3.111055              0.906763
2024-07-01             48       0.166739           0.004947             0.006096                0.001149       58.333333           -2.944316              0.911250
2024-07-02             48       0.034303           0.002329            -0.002546               -0.004875       54.166667           -2.910013              0.913372
2024-07-03             48       0.151107           0.002243             0.007236                0.004993       54.166667           -2.758906              0.915421
2024-07-04             48       0.252388           0.008042             0.004445               -0.003597       62.500000           -2.506518              0.922783
2024-07-05             48       0.017477           0.001686             0.005631                0.003945       45.833333           -2.489041              0.924339
2024-07-08             48       0.177052           0.007827             0.003466               -0.004361       54.166667           -2.311989              0.931573
2024-07-09             48       0.185845           0.007220             0.007670                0.000450       50.000000           -2.126144              0.938300
2024-07-11             48      -0.015849           0.008984             0.002102               -0.006882       45.833333           -2.141993              0.946729
2024-07-12             48      -0.164785          -0.007445             0.002297                0.009742       41.666667           -2.306778              0.939681
2024-07-15             48      -0.040926          -0.005136             0.003809                0.008945       50.000000           -2.347704              0.934854
2024-07-16             48       0.190729           0.011881             0.005611               -0.006270       58.333333           -2.156975              0.945961
2024-07-18             48      -0.071103          -0.005200             0.005772                0.010972       54.166667           -2.228078              0.941042
2024-07-19             48       0.381242           0.017361            -0.008287               -0.025648       58.333333           -1.846836              0.957380
2024-07-22             48       0.017911          -0.006324             0.000543                0.006867       54.166667           -1.828924              0.951325
2024-07-23             48       0.145462           0.011893             0.005414               -0.006479       50.000000           -1.683462              0.962639
2024-07-24             48      -0.360074          -0.011929            -0.005670                0.006258       37.500000           -2.043536              0.951156
2024-07-25             48      -0.074685          -0.002671            -0.003942               -0.001271       45.833333           -2.118221              0.948616
2024-07-26             48      -0.106274          -0.001552             0.015521                0.017073       45.833333           -2.224495              0.947143
2024-07-29             48      -0.064481          -0.004136            -0.002157                0.001979       50.000000           -2.288977              0.943225
2024-07-30             48       0.286040           0.008042             0.005120               -0.002921       58.333333           -2.002937              0.950810
2024-07-31             48      -0.127877          -0.005891             0.005151                0.011042       41.666667           -2.130813              0.945209
2024-08-01             48      -0.014221           0.001769             0.003109                0.001340       58.333333           -2.145034              0.946881
2024-08-02             48       0.113765          -0.000772            -0.007232               -0.006460       54.166667           -2.031269              0.946151
2024-08-05             48       0.242401           0.014847            -0.020427               -0.035274       58.333333           -1.788868              0.960198
2024-08-06             48       0.380156           0.015536             0.004485               -0.011051       62.500000           -1.408712              0.975116
2024-08-07             48       0.092814           0.009804             0.025990                0.016186       45.833333           -1.315898              0.984676
2024-08-08             48       0.024099           0.000315            -0.011363               -0.011678       54.166667           -1.291799              0.984986
2024-08-09             48      -0.044833          -0.011963             0.014144                0.026107       54.166667           -1.336632              0.973203
2024-08-12             48       0.023990           0.000060            -0.000477               -0.000537       54.166667           -1.312641              0.973262
2024-08-13             48       0.077942           0.004427            -0.004113               -0.008540       45.833333           -1.234700              0.977570
2024-08-14             48      -0.049175           0.000412            -0.002967               -0.003379       45.833333           -1.283875              0.977973
2024-08-16             48      -0.239253          -0.002765             0.013458                0.016223       37.500000           -1.523128              0.975269
2024-08-19             48      -0.024859           0.001717             0.007653                0.005936       50.000000           -1.547987              0.976944
2024-08-20             48       0.072406          -0.002406             0.005095                0.007500       62.500000           -1.475581              0.974593
2024-08-21             48      -0.051020           0.001467             0.006122                0.004655       37.500000           -1.526601              0.976023
2024-08-22             48       0.089774          -0.000914             0.000404                0.001318       58.333333           -1.436827              0.975131
2024-08-23             48       0.133196           0.003691             0.007584                0.003893       50.000000           -1.303631              0.978730
2024-08-26             48       0.115393           0.005465             0.004596               -0.000869       62.500000           -1.188238              0.984079
2024-08-27             48      -0.175532          -0.003222            -0.003328               -0.000106       33.333333           -1.363770              0.980908
2024-08-28             48      -0.290599          -0.006286            -0.000199                0.006087       29.166667           -1.654370              0.974742
2024-08-29             48       0.262057           0.007423             0.006153               -0.001270       62.500000           -1.392313              0.981977
2024-08-30             48      -0.110399           0.000162             0.004068                0.003906       45.833333           -1.502712              0.982136
2024-09-02             48      -0.021928          -0.001214            -0.000046                0.001168       54.166667           -1.524640              0.980944
2024-09-03             48       0.181937           0.003630             0.001103               -0.002526       58.333333           -1.342704              0.984504
2024-09-04             48       0.030938           0.005137            -0.000386               -0.005523       50.000000           -1.311766              0.989561
2024-09-05             48      -0.050803          -0.002068            -0.001245                0.000823       45.833333           -1.362569              0.987514
2024-09-06             48      -0.067086          -0.003873            -0.011890               -0.008017       54.166667           -1.429656              0.983690
2024-09-09             48       0.023882           0.000734            -0.000590               -0.001323       50.000000           -1.405774              0.984412
2024-09-11             49      -0.164184          -0.012054            -0.004121                0.007934       55.102041           -1.569957              0.972546
2024-09-12             49       0.021531           0.002791             0.021454                0.018663       55.102041           -1.548427              0.975260
2024-09-13             49       0.027551          -0.001172            -0.001489               -0.000318       59.183673           -1.520876              0.974118
2024-09-16             49      -0.051633          -0.007292            -0.002986                0.004306       51.020408           -1.572508              0.967014
2024-09-17             49       0.029592           0.002834             0.001299               -0.001535       46.938776           -1.542917              0.969755
2024-09-18             49       0.113469          -0.000476            -0.004744               -0.004267       55.102041           -1.429447              0.969293
2024-09-19             49       0.170102           0.006857             0.003788               -0.003068       55.102041           -1.259345              0.975939
2024-09-20             49       0.026633           0.008476             0.015865                0.007389       51.020408           -1.232712              0.984211
2024-09-23             49       0.221633           0.008577             0.010460                0.001883       59.183673           -1.011080              0.992652
2024-09-24             49       0.473367           0.018880             0.008150               -0.010730       63.265306           -0.537712              1.011393
2024-09-25             49      -0.003061           0.005047             0.005060                0.000013       51.020408           -0.540774              1.016498
2024-09-26             49      -0.142551          -0.004229             0.007988                0.012217       46.938776           -0.683325              1.012199
2024-09-27             49       0.092653           0.007452             0.004539               -0.002913       46.938776           -0.590672              1.019742
2024-09-30             49       0.257959           0.005105            -0.008114               -0.013220       67.346939           -0.332712              1.024948
2024-10-01             49      -0.081020          -0.006445            -0.000866                0.005579       59.183673           -0.413733              1.018342
2024-10-03             49      -0.144286          -0.000624            -0.019924               -0.019300       46.938776           -0.558019              1.017706
2024-10-04             49      -0.042449           0.002279            -0.002813               -0.005092       46.938776           -0.600468              1.020025
2024-10-07             49      -0.226224          -0.007731            -0.012952               -0.005221       42.857143           -0.826692              1.012139
2024-10-08             49       0.062755          -0.002928             0.013407                0.016335       55.102041           -0.763937              1.009175
2024-10-09             49      -0.134592          -0.006936            -0.004193                0.002744       51.020408           -0.898529              1.002175
2024-10-10             49       0.232245           0.008146            -0.001708               -0.009855       63.265306           -0.666284              1.010339
2024-10-14             49      -0.105204          -0.006065             0.005604                0.011669       38.775510           -0.771488              1.004212
2024-10-15             49       0.014388           0.005774            -0.002338               -0.008112       46.938776           -0.757100              1.010011
2024-10-16             49      -0.046224          -0.004099            -0.008938               -0.004839       55.102041           -0.803325              1.005870
2024-10-17             49       0.340714           0.020439            -0.007025               -0.027464       67.346939           -0.462610              1.026429
2024-10-18             49       0.102959           0.009425             0.011135                0.001710       46.938776           -0.359651              1.036103
2024-10-21             49       0.059388           0.001174            -0.009594               -0.010768       55.102041           -0.300263              1.037319
2024-10-22             49       0.052857          -0.002431            -0.016584               -0.014154       59.183673           -0.247406              1.034798
2024-10-23             49      -0.038776           0.002298             0.003342                0.001044       46.938776           -0.286182              1.037176
2024-10-24             49       0.131224           0.007644             0.002325               -0.005319       51.020408           -0.154957              1.045104
2024-10-25             49       0.030102           0.005886            -0.006640               -0.012526       46.938776           -0.124855              1.051256
2024-10-28             49      -0.134592          -0.010640             0.003306                0.013946       42.857143           -0.259447              1.040070
2024-10-29             49       0.159082           0.004543             0.007783                0.003240       63.265306           -0.100365              1.044795
2024-10-30             49       0.453571           0.023632             0.007815               -0.015817       67.346939            0.353206              1.069486
2024-10-31             49       0.096531           0.002126            -0.003875               -0.006002       51.020408            0.449737              1.071760
2024-11-01             49       0.168878           0.001422             0.003925                0.002503       55.102041            0.618614              1.073284
2024-11-04             49      -0.085204          -0.001233            -0.016220               -0.014987       46.938776            0.533410              1.071961
2024-11-05             49       0.245306           0.004058             0.010435                0.006377       63.265306            0.778716              1.076311
2024-11-06             49      -0.079082          -0.006672             0.010306                0.016979       51.020408            0.699635              1.069129
2024-11-07             49       0.038673          -0.009002            -0.019029               -0.010027       51.020408            0.738308              1.059505
2024-11-08             49      -0.186224          -0.005960            -0.007827               -0.001867       42.857143            0.552083              1.053190
2024-11-12             49       0.063980           0.006443            -0.010400               -0.016843       51.020408            0.616063              1.059976
2024-11-13             49      -0.163571          -0.005846            -0.011218               -0.005372       46.938776            0.452492              1.053779
2024-11-14             49      -0.130510          -0.009466            -0.005784                0.003683       46.938776            0.321981              1.043804
2024-11-18             49       0.247347           0.007146            -0.001323               -0.008469       63.265306            0.569328              1.051263
2024-11-19             49      -0.078980          -0.001726            -0.001640                0.000086       46.938776            0.490349              1.049448
2024-11-21             49       0.021429           0.001428            -0.007099               -0.008526       51.020408            0.511777              1.050947
2024-11-22             49      -0.025510          -0.003079             0.024275                0.027354       42.857143            0.486267              1.047711
2024-11-25             49       0.026020           0.000238             0.012675                0.012437       51.020408            0.512288              1.047960
2024-11-26             49      -0.002194           0.002190             0.000541               -0.001649       51.020408            0.510094              1.050255
2024-11-27             49       0.136327           0.006765             0.010061                0.003296       63.265306            0.646420              1.057360
2024-11-28             49       0.279694           0.003952            -0.013240               -0.017192       63.265306            0.926114              1.061538
2024-11-29             49       0.060000           0.001311             0.007348                0.006037       55.102041            0.986114              1.062929
2024-12-02             49       0.059592           0.001922             0.006857                0.004935       59.183673            1.045706              1.064971
2024-12-03             49      -0.228673          -0.005785             0.001767                0.007552       42.857143            0.817032              1.058811
2024-12-04             49      -0.008265          -0.004752            -0.000950                0.003802       46.938776            0.808767              1.053779
2024-12-05             49       0.043980           0.002803             0.010412                0.007610       55.102041            0.852747              1.056732
2024-12-06             49      -0.048930          -0.001539             0.001133                0.002672       59.183673            0.803817              1.055106
2024-12-09             49      -0.299592          -0.009879            -0.007917                0.001962       34.693878            0.504225              1.044683
2024-12-10             49      -0.073061          -0.002722            -0.002853               -0.000132       46.938776            0.431164              1.041840
2024-12-11             49      -0.076429          -0.004736            -0.000374                0.004362       46.938776            0.354735              1.036906
2024-12-13             48       0.057317          -0.003379             0.001714                0.005093       54.166667            0.412052              1.033402
2024-12-16             48      -0.028116          -0.000236            -0.001479               -0.001244       58.333333            0.383936              1.033159
2024-12-17             48      -0.228072          -0.007752            -0.011696               -0.003945       37.500000            0.155864              1.025150
2024-12-18             48      -0.081416          -0.006889            -0.006303                0.000586       45.833333            0.074449              1.018088
2024-12-19             48       0.035714          -0.000586            -0.004544               -0.003958       62.500000            0.110163              1.017491
2024-12-20             48       0.053626           0.005150            -0.015829               -0.020978       50.000000            0.163789              1.022731
2024-12-23             48      -0.004668           0.000102             0.002015                0.001913       45.833333            0.159121              1.022835
2024-12-24             48       0.222319           0.006330             0.003146               -0.003184       58.333333            0.381440              1.029310
2024-12-26             48       0.026922           0.005151             0.007479                0.002329       45.833333            0.408362              1.034612
2024-12-27             48      -0.196483          -0.003090            -0.003172               -0.000082       45.833333            0.211879              1.031415
2024-12-30             48      -0.190512          -0.002995            -0.005734               -0.002739       45.833333            0.021366              1.028326
2024-12-31             48       0.044724           0.000180            -0.001651               -0.001832       50.000000            0.066091              1.028511
2025-01-01             48       0.099544           0.000317             0.004099                0.003781       54.166667            0.165635              1.028838
2025-01-02             48      -0.081633          -0.007945             0.015967                0.023912       37.500000            0.084002              1.020664
2025-01-03             48       0.135910           0.008843            -0.002947               -0.011791       54.166667            0.219912              1.029690
2025-01-06             48      -0.097916          -0.008207            -0.024175               -0.015968       45.833333            0.121996              1.021239
2025-01-07             48       0.152468           0.002216             0.006834                0.004618       54.166667            0.274464              1.023502
2025-01-08             48      -0.154581          -0.003179            -0.003373               -0.000194       50.000000            0.119883              1.020249
2025-01-09             48      -0.193986          -0.003097            -0.005863               -0.002765       45.833333           -0.074103              1.017089
2025-01-10             48      -0.060573          -0.009343            -0.022744               -0.013401       45.833333           -0.134676              1.007586
2025-01-14             49       0.152551           0.013458            -0.011820               -0.025278       55.102041            0.017875              1.021146
2025-01-15             49       0.061939           0.008612             0.005082               -0.003530       51.020408            0.079814              1.029940
2025-01-16             49      -0.038469          -0.006134             0.006545                0.012679       51.020408            0.041345              1.023622
2025-01-17             49       0.342347           0.009967             0.009451               -0.000516       63.265306            0.383691              1.033825
2025-01-20             49      -0.170714          -0.006923            -0.003179                0.003745       42.857143            0.212977              1.026668
2025-01-21             49      -0.001531          -0.013072            -0.024316               -0.011244       55.102041            0.211447              1.013247
2025-01-22             49      -0.237959          -0.013203            -0.003430                0.009773       42.857143           -0.026513              0.999869
2025-01-23             49      -0.199184          -0.006406             0.005851                0.012257       46.938776           -0.225696              0.993464
2025-01-24             49       0.023571          -0.003155            -0.010473               -0.007317       46.938776           -0.202125              0.990329
2025-01-27             49      -0.039898           0.002851            -0.017918               -0.020770       51.020408           -0.242023              0.993153
2025-01-28             49       0.081837           0.007591             0.005940               -0.001652       51.020408           -0.160186              1.000692
2025-01-29             49       0.046122           0.000786             0.017896                0.017109       46.938776           -0.114064              1.001479
2025-01-30             49       0.090306          -0.003881            -0.001645                0.002236       51.020408           -0.023757              0.997593
2025-01-31             49       0.386531           0.011601             0.019425                0.007824       67.346939            0.362773              1.009165
2025-02-01             49       0.033776          -0.004263             0.000929                0.005191       55.102041            0.396549              1.004863
2025-02-03             49      -0.194694          -0.013287            -0.010863                0.002424       46.938776            0.201855              0.991512
2025-02-04             49       0.388776           0.024621             0.026061                0.001439       63.265306            0.590630              1.015924
2025-02-05             49       0.145612           0.003095             0.005731                0.002636       59.183673            0.736243              1.019068
2025-02-06             49       0.084592          -0.000011            -0.010115               -0.010104       51.020408            0.820834              1.019057
2025-02-07             49       0.004184           0.004751             0.006980                0.002229       46.938776            0.825018              1.023898
2025-02-10             49       0.121224           0.011961            -0.009958               -0.021920       46.938776            0.946243              1.036146
2025-02-11             49      -0.001429           0.006015            -0.019105               -0.025120       51.020408            0.944814              1.042378
2025-02-13             49      -0.273469          -0.011240             0.001747                0.012987       38.775510            0.671345              1.030661
2025-02-14             49      -0.235918          -0.008406            -0.015755               -0.007349       42.857143            0.435426              1.021997
2025-02-17             49       0.242551           0.007501             0.013202                0.005701       51.020408            0.677977              1.029663
2025-02-18             49      -0.198367          -0.002402            -0.002569               -0.000167       38.775510            0.479610              1.027190
2025-02-19             49      -0.066837          -0.007897             0.001751                0.009648       51.020408            0.412773              1.019078
2025-02-20             49       0.064490          -0.000460             0.007793                0.008253       51.020408            0.477263              1.018609
2025-02-21             49      -0.145510          -0.011510            -0.013146               -0.001636       55.102041            0.331753              1.006885
2025-02-24             49       0.118469           0.003731            -0.006721               -0.010452       55.102041            0.450222              1.010642
2025-02-25             49      -0.376020          -0.011456            -0.010835                0.000622       26.530612            0.074202              0.999064
2025-02-27             49      -0.037041          -0.005175            -0.007683               -0.002507       55.102041            0.037161              0.993893
2025-02-28             49      -0.121939          -0.017871            -0.030247               -0.012376       55.102041           -0.084778              0.976131
2025-03-03             49      -0.077041          -0.005804            -0.001988                0.003816       42.857143           -0.161819              0.970465
2025-03-04             49       0.118776          -0.000985            -0.002310               -0.001325       55.102041           -0.043043              0.969509
2025-03-05             49       0.159082           0.013055             0.024298                0.011243       55.102041            0.116038              0.982166
2025-03-06             49      -0.117551          -0.008775             0.003555                0.012330       51.020408           -0.001513              0.973548
2025-03-07             49      -0.045102          -0.002848             0.000041                0.002889       51.020408           -0.046615              0.970775
2025-03-10             49      -0.024286          -0.004109            -0.011394               -0.007285       55.102041           -0.070900              0.966786
2025-03-11             49       0.221939           0.011911             0.010712               -0.001199       51.020408            0.151038              0.978302
2025-03-12             49      -0.028367           0.002664             0.001458               -0.001207       42.857143            0.122671              0.980908
2025-03-13             49       0.025714          -0.000953            -0.005309               -0.004355       63.265306            0.148385              0.979973
2025-03-17             48      -0.186930          -0.005677             0.001882                0.007559       45.833333           -0.038545              0.974410
2025-03-18             48      -0.097590          -0.002188             0.016630                0.018817       45.833333           -0.136135              0.972278
2025-03-19             48      -0.038645           0.002492             0.007259                0.004767       50.000000           -0.174780              0.974702
2025-03-20             48       0.062093           0.001852             0.011350                0.009498       54.166667           -0.112687              0.976507
2025-03-21             48      -0.330873          -0.010684             0.002993                0.013677       37.500000           -0.443560              0.966074
2025-03-24             48      -0.103126          -0.005843             0.008404                0.014247       45.833333           -0.546686              0.960429
2025-03-25             48      -0.199631          -0.004051            -0.006536               -0.002485       37.500000           -0.746317              0.956538
2025-03-26             48       0.094225           0.007440            -0.000977               -0.008417       45.833333           -0.652092              0.963655
2025-03-27             48       0.245176           0.006436             0.011896                0.005460       58.333333           -0.406916              0.969857
2025-03-28             48       0.037017           0.003708            -0.000129               -0.003837       50.000000           -0.369899              0.973453
2025-04-01             48       0.213200           0.017531             0.000653               -0.016878       54.166667           -0.156699              0.990519
2025-04-02             48       0.023177           0.003156             0.011920                0.008764       50.000000           -0.133522              0.993645
2025-04-03             48      -0.198437          -0.015898            -0.017411               -0.001513       45.833333           -0.331959              0.977847
2025-04-04             48      -0.318823          -0.011247            -0.021409               -0.010163       41.666667           -0.650782              0.966850
2025-04-07             48       0.050478          -0.011690            -0.037607               -0.025917       54.166667           -0.600305              0.955547
2025-04-08             48       0.094008           0.005688             0.022191                0.016503       50.000000           -0.506297              0.960983
2025-04-09             48      -0.281046          -0.014150            -0.014621               -0.000471       37.500000           -0.787343              0.947385
2025-04-11             48       0.336300           0.010391             0.026111                0.015720       66.666667           -0.451043              0.957229
2025-04-16             48       0.357251           0.011105             0.032891                0.021785       62.500000           -0.093791              0.967859
2025-04-17             48      -0.292553          -0.019657             0.002361                0.022018       50.000000           -0.386345              0.948835
2025-04-21             48      -0.069366           0.000038             0.014580                0.014543       50.000000           -0.455711              0.948870
2025-04-22             48      -0.061550          -0.002713            -0.005047               -0.002334       50.000000           -0.517261              0.946296
2025-04-23             48       0.377985           0.014029             0.020469                0.006439       62.500000           -0.139276              0.959572
2025-04-24             48       0.357034           0.005397             0.001631               -0.003766       62.500000            0.217759              0.964751
2025-04-25             48       0.113222           0.007818            -0.013798               -0.021616       54.166667            0.330981              0.972293
2025-04-28             48       0.176400           0.000760             0.010664                0.009904       62.500000            0.507381              0.973032
2025-04-29             48      -0.051020          -0.004263            -0.005241               -0.000978       45.833333            0.456361              0.968884
2025-04-30             48      -0.005970           0.004598            -0.001043               -0.005641       54.166667            0.450390              0.973339
2025-05-02             48      -0.006079          -0.003473             0.003383                0.006857       58.333333            0.444311              0.969959
2025-05-05             48      -0.057968          -0.002299             0.008623                0.010922       45.833333            0.386343              0.967728
2025-05-06             48       0.029635           0.000054            -0.012270               -0.012324       50.000000            0.415978              0.967781
2025-05-07             48      -0.002497           0.001723             0.007405                0.005682       54.166667            0.413482              0.969448
2025-05-08             48       0.152627           0.006785            -0.009117               -0.015902       54.166667            0.566109              0.976026
2025-05-09             48       0.294724           0.013462             0.003965               -0.009497       58.333333            0.860833              0.989166
2025-05-12             48       0.052974          -0.000840             0.031980                0.032820       54.166667            0.913807              0.988335
2025-05-13             48      -0.011724          -0.000087            -0.011741               -0.011654       50.000000            0.902083              0.988249
2025-05-14             48       0.324142           0.008064             0.008940                0.000877       58.333333            1.226226              0.996218
2025-05-15             48       0.254125           0.005652             0.020928                0.015276       54.166667            1.480351              1.001849
2025-05-19             49      -0.217857          -0.006850            -0.007918               -0.001068       46.938776            1.262494              0.994986
2025-05-20             49       0.111429          -0.002106            -0.013508               -0.011402       55.102041            1.373922              0.992890
2025-05-21             49      -0.060510          -0.003776             0.002676                0.006452       42.857143            1.313412              0.989142
2025-05-22             49      -0.115816           0.000045            -0.005305               -0.005350       42.857143            1.197596              0.989186
2025-05-23             49      -0.162245          -0.005593             0.008803                0.014397       42.857143            1.035351              0.983654
2025-05-26             49       0.088061           0.002803             0.003907                0.001104       51.020408            1.123412              0.986411
2025-05-27             49       0.085614           0.004922            -0.000819               -0.005741       59.183673            1.209027              0.991266
2025-05-28             49      -0.057653          -0.002644            -0.004501               -0.001856       46.938776            1.151374              0.988644
2025-05-29             49       0.282857           0.005023             0.005532                0.000510       59.183673            1.434231              0.993610
2025-05-30             49      -0.117245          -0.007378            -0.015163               -0.007785       46.938776            1.316986              0.986280
2025-06-02             49      -0.029440          -0.001601            -0.004943               -0.003342       46.938776            1.287546              0.984700
2025-06-03             49       0.083878          -0.003272            -0.006657               -0.003384       59.183673            1.371424              0.981478
2025-06-04             49      -0.506224          -0.008283            -0.000477                0.007806       26.530612            0.865199              0.973348
2025-06-05             49      -0.013367           0.000779             0.003326                0.002548       42.857143            0.851832              0.974106
2025-06-06             49      -0.288469          -0.015670             0.007267                0.022937       38.775510            0.563363              0.958842
2025-06-09             49      -0.117959           0.000501             0.009757                0.009256       38.775510            0.445403              0.959323
2025-06-10             49       0.187653           0.001110            -0.001231               -0.002341       51.020408            0.633056              0.960388
2025-06-11             49      -0.123571          -0.002681            -0.002710               -0.000029       42.857143            0.509485              0.957813
2025-06-12             49      -0.060102          -0.005511            -0.012756               -0.007245       46.938776            0.449383              0.952535
2025-06-13             49       0.052041           0.004693             0.002175               -0.002518       51.020408            0.501424              0.957005
2025-06-17             48      -0.033652           0.003207             0.001350               -0.001857       45.833333            0.467772              0.960074
2025-06-18             48       0.053626          -0.000103            -0.003833               -0.003730       54.166667            0.521398              0.959974
2025-06-19             48      -0.056557          -0.002780            -0.003076               -0.000297       45.833333            0.464841              0.957306
2025-06-20             48      -0.028984           0.004633             0.014209                0.009576       41.666667            0.435857              0.961741
2025-06-23             48      -0.105840           0.002169             0.000934               -0.001235       41.666667            0.330017              0.963827
2025-06-24             48      -0.027898          -0.001512             0.001090                0.002602       50.000000            0.302119              0.962370
2025-06-25             48       0.323925           0.012857             0.011587               -0.001270       62.500000            0.626044              0.974742
2025-06-26             48       0.074468           0.001445             0.011856                0.010410       58.333333            0.700512              0.976151
2025-06-27             48      -0.016175          -0.004403             0.003218                0.007621       54.166667            0.684337              0.971853
2025-06-30             48      -0.241424          -0.007240            -0.005761                0.001480       45.833333            0.442913              0.964817
2025-07-01             48       0.056448           0.004614             0.005987                0.001373       58.333333            0.499361              0.969268
2025-07-02             48      -0.025836          -0.001758            -0.000013                0.001745       45.833333            0.473525              0.967564
2025-07-03             48       0.118975           0.005690             0.003131               -0.002558       50.000000            0.592500              0.973070
2025-07-04             48      -0.103343           0.009101             0.002338               -0.006763       41.666667            0.489157              0.981925
2025-07-07             48      -0.045050           0.000834            -0.001683               -0.002517       45.833333            0.444107              0.982745
2025-07-08             48      -0.080981          -0.001809             0.000337                0.002146       45.833333            0.363126              0.980967
2025-07-09             48       0.042119           0.004690            -0.001353               -0.006044       50.000000            0.405244              0.985568
2025-07-10             48       0.156752           0.003069            -0.002951               -0.006020       54.166667            0.561997              0.988592
2025-07-11             48       0.282682           0.008051            -0.002678               -0.010729       58.333333            0.844679              0.996551
2025-07-14             48       0.084021           0.002350            -0.001035               -0.003385       45.833333            0.928700              0.998893
2025-07-15             48      -0.024642          -0.002450             0.000321                0.002771       50.000000            0.904058              0.996446
2025-07-16             48       0.076096           0.004705             0.000690               -0.004016       50.000000            0.980154              1.001134
2025-07-18             49       0.054796           0.007913            -0.002810               -0.010723       46.938776            1.034950              1.009056
2025-07-21             49      -0.196735          -0.006651            -0.002817                0.003835       42.857143            0.838216              1.002345
2025-07-22             49      -0.106122          -0.011237            -0.003804                0.007434       42.857143            0.732093              0.991081
2025-07-23             49      -0.063469          -0.001931             0.003639                0.005570       46.938776            0.668624              0.989168
2025-07-24             49      -0.181633          -0.004997            -0.008886               -0.003890       42.857143            0.486991              0.984225
2025-07-25             49      -0.230204          -0.004677            -0.015002               -0.010325       42.857143            0.256787              0.979622
2025-07-28             49      -0.168878          -0.005859            -0.006664               -0.000805       46.938776            0.087910              0.973883
2025-07-29             49       0.135714           0.001051             0.005538                0.004487       59.183673            0.223624              0.974907
2025-07-30             49       0.325204           0.010325             0.001862               -0.008462       63.265306            0.548828              0.984972
2025-07-31             49       0.021735          -0.001082            -0.001173               -0.000090       51.020408            0.570563              0.983906
2025-08-01             49       0.053469           0.002927            -0.008676               -0.011603       59.183673            0.624032              0.986786
2025-08-04             49      -0.060306           0.002228             0.006554                0.004326       42.857143            0.563726              0.988984
2025-08-05             49      -0.198469          -0.004684            -0.002895                0.001789       34.693878            0.365257              0.984351
2025-08-06             49      -0.261327          -0.009561            -0.008357                0.001204       38.775510            0.103930              0.974940
2025-08-07             49       0.112755           0.001683             0.005392                0.003709       51.020408            0.216685              0.976581
2025-08-08             49       0.080204          -0.000341            -0.008702               -0.008361       63.265306            0.296889              0.976248
2025-08-11             49       0.031020          -0.003904             0.007255                0.011158       46.938776            0.327910              0.972437
2025-08-12             49       0.170204           0.004072             0.001891               -0.002180       51.020408            0.498114              0.976396
2025-08-13             49      -0.155816          -0.004809             0.003788                0.008596       46.938776            0.342297              0.971701
2025-08-14             49       0.000306          -0.001054            -0.001520               -0.000466       59.183673            0.342603              0.970677
2025-08-18             49      -0.068571          -0.007737             0.006513                0.014250       51.020408            0.274032              0.963167
2025-08-19             49       0.065816           0.000064             0.006719                0.006655       51.020408            0.339848              0.963228
2025-08-20             49       0.173878           0.009920             0.005876               -0.004044       55.102041            0.513726              0.972784
2025-08-21             49       0.021020          -0.000511            -0.003073               -0.002562       42.857143            0.534746              0.972287
2025-08-22             49       0.098776           0.000491            -0.006832               -0.007323       63.265306            0.633522              0.972764
2025-08-25             49       0.164388           0.008762             0.008647               -0.000115       55.102041            0.797910              0.981288
2025-08-26             49       0.069286          -0.000474            -0.005892               -0.005418       67.346939            0.867195              0.980823
2025-08-28             49      -0.187449          -0.003235            -0.012552               -0.009317       42.857143            0.679746              0.977650
2025-08-29             49       0.139796           0.004735            -0.002097               -0.006832       51.020408            0.819542              0.982279
2025-09-01             49      -0.159592          -0.004467             0.008747                0.013213       38.775510            0.659950              0.977892
2025-09-02             49       0.012857          -0.001084             0.003887                0.004971       46.938776            0.672808              0.976832
2025-09-03             49      -0.034184          -0.003199             0.004754                0.007953       46.938776            0.638624              0.973707
2025-09-04             49      -0.166020          -0.006773            -0.004983                0.001789       51.020408            0.472603              0.967112
2025-09-05             49       0.000102          -0.004402             0.000601                0.005003       55.102041            0.472705              0.962855
2025-09-08             49      -0.281939          -0.012167            -0.004488                0.007679       46.938776            0.190767              0.951140
2025-09-09             49       0.351531           0.011468             0.013485                0.002018       55.102041            0.542297              0.962047
2025-09-10             49       0.361837           0.012105             0.008553               -0.003552       63.265306            0.904134              0.973693
2025-09-11             49       0.060918          -0.000005            -0.000108               -0.000103       55.102041            0.965052              0.973688
2025-09-12             49       0.173163           0.008945             0.008878               -0.000067       55.102041            1.138216              0.982398
2025-09-15             49      -0.132347          -0.002499            -0.004387               -0.001888       46.938776            1.005869              0.979943
2025-09-16             49      -0.102857          -0.002649             0.006566                0.009216       51.020408            0.903012              0.977347
2025-09-18             49       0.121633           0.005830             0.007669                0.001839       51.020408            1.024644              0.983045
2025-09-19             49      -0.194388          -0.006048            -0.004097                0.001951       42.857143            0.830257              0.977100
2025-09-22             49      -0.126633          -0.004484            -0.006362               -0.001878       51.020408            0.703624              0.972719
2025-09-23             49      -0.343265          -0.009801            -0.008775                0.001027       38.775510            0.360359              0.963185
2025-09-24             49      -0.088673          -0.002100            -0.005497               -0.003397       51.020408            0.271685              0.961162
2025-09-25             49      -0.077755          -0.004256            -0.008822               -0.004566       46.938776            0.193930              0.957071
2025-09-26             49      -0.022755           0.000092            -0.012968               -0.013060       46.938776            0.171175              0.957158
2025-09-29             49      -0.120306          -0.002980            -0.000268                0.002711       46.938776            0.050869              0.954306
2025-09-30             49      -0.217041          -0.003910            -0.004053               -0.000143       42.857143           -0.166172              0.950575
2025-10-01             49       0.135714           0.006118             0.010278                0.004160       55.102041           -0.030458              0.956391
2025-10-03             49      -0.147143          -0.002779            -0.000332                0.002446       46.938776           -0.177601              0.953734
2025-10-06             49      -0.019490           0.003167             0.007564                0.004396       42.857143           -0.197090              0.956755
2025-10-07             49      -0.093571          -0.003542            -0.001098                0.002444       46.938776           -0.290662              0.953366
2025-10-08             49      -0.044694           0.005397             0.000435               -0.004962       42.857143           -0.335356              0.958511
2025-10-09             49      -0.217653          -0.004069             0.005472                0.009542       38.775510           -0.553009              0.954611
2025-10-10             49      -0.013265           0.000399             0.005155                0.004756       51.020408           -0.566274              0.954991
2025-10-13             49       0.048571          -0.001481            -0.001755               -0.000274       63.265306           -0.517703              0.953577
2025-10-14             49       0.131429           0.003792            -0.004991               -0.008784       59.183673           -0.386274              0.957193
2025-10-15             49       0.136837           0.002193             0.008739                0.006545       51.020408           -0.249437              0.959292
2025-10-16             49      -0.008367           0.006020             0.007379                0.001358       42.857143           -0.257805              0.965068
2025-10-17             49       0.001939           0.003348             0.004380                0.001033       46.938776           -0.255866              0.968298
2025-10-20             49       0.253571           0.009063             0.014126                0.005063       51.020408           -0.002295              0.977074
2025-10-21             49      -0.125102          -0.002283            -0.003079               -0.000796       46.938776           -0.127397              0.974844
2025-10-23             49       0.138061           0.007676             0.007163               -0.000513       51.020408            0.010665              0.982326
2025-10-24             49      -0.063571          -0.005100            -0.004196                0.000904       51.020408           -0.052907              0.977317
2025-10-27             49      -0.050612          -0.001669             0.006528                0.008197       46.938776           -0.103519              0.975686
2025-10-28             49      -0.253163          -0.006679            -0.003403                0.003276       42.857143           -0.356682              0.969169
2025-10-29             49       0.058469           0.000673             0.005129                0.004456       59.183673           -0.298213              0.969822
2025-10-30             49      -0.092347          -0.004125            -0.008631               -0.004507       38.775510           -0.390560              0.965822
2025-10-31             49      -0.002245          -0.004459            -0.005385               -0.000927       55.102041           -0.392805              0.961515
2025-11-03             49      -0.042347          -0.004159             0.002259                0.006418       55.102041           -0.435152              0.957517
2025-11-04             49      -0.115612          -0.006007            -0.013187               -0.007180       51.020408           -0.550764              0.951765
2025-11-06             49       0.027755          -0.003042            -0.003241               -0.000199       51.020408           -0.523009              0.948870
2025-11-07             49       0.021122           0.000996             0.006030                0.005034       51.020408           -0.501886              0.949815
2025-11-10             49      -0.254343          -0.014287            -0.009408                0.004879       42.857143           -0.756230              0.936245
2025-11-11             49      -0.041122           0.009792             0.006173               -0.003619       46.938776           -0.797352              0.945412
2025-11-12             49       0.399592           0.013561             0.012751               -0.000810       67.346939           -0.397760              0.958233
2025-11-13             49       0.100816          -0.003544            -0.001920                0.001624       55.102041           -0.296944              0.954837
2025-11-14             49       0.216429           0.003016             0.003408                0.000393       59.183673           -0.080515              0.957716
2025-11-17             49       0.042959           0.000933             0.005471                0.004538       42.857143           -0.037556              0.958610
2025-11-19             49       0.075408           0.012009             0.003238               -0.008771       46.938776            0.037852              0.970122
2025-11-20             49       0.119592          -0.001804             0.005090                0.006894       55.102041            0.157444              0.968372
2025-11-21             49       0.120204           0.006090            -0.003412               -0.009502       51.020408            0.277648              0.974269
2025-11-24             49      -0.210612          -0.006500            -0.007820               -0.001320       46.938776            0.067036              0.967935
2025-11-25             49      -0.063980          -0.004878            -0.003716                0.001162       51.020408            0.003056              0.963214
2025-11-26             49       0.143163           0.002566             0.014010                0.011445       51.020408            0.146219              0.965685
2025-11-27             49       0.006122          -0.000499            -0.000959               -0.000460       51.020408            0.152342              0.965203
2025-11-28             49      -0.250816          -0.003787            -0.004827               -0.001040       38.775510           -0.098474              0.961547
2025-12-01             49       0.255816           0.006619             0.002234               -0.004385       67.346939            0.157342              0.967912
2025-12-02             49      -0.163673          -0.005139            -0.005078                0.000061       46.938776           -0.006332              0.962938
2025-12-03             49       0.065510           0.001423            -0.009019               -0.010442       55.102041            0.059179              0.964308
2025-12-04             49      -0.057041           0.000190             0.001541                0.001351       42.857143            0.002138              0.964492
2025-12-05             49      -0.520510          -0.017572            -0.003838                0.013734       30.612245           -0.518372              0.947544
2025-12-08             49      -0.111224          -0.010544            -0.021886               -0.011342       51.020408           -0.629597              0.937553
2025-12-09             49       0.292857           0.010034             0.001809               -0.008225       59.183673           -0.336740              0.946960
2025-12-10             49       0.076633           0.001287             0.001960                0.000673       51.020408           -0.260107              0.948178
2025-12-11             49       0.373367           0.012701             0.015743                0.003042       63.265306            0.113260              0.960221
2025-12-12             49      -0.009898          -0.002899             0.002864                0.005763       46.938776            0.103362              0.957438
2025-12-15             49       0.229184           0.007265             0.004445               -0.002820       59.183673            0.332546              0.964393
2025-12-16             49       0.051327           0.002983            -0.002562               -0.005545       55.102041            0.383872              0.967270
2025-12-17             49      -0.285816          -0.010476            -0.003501                0.006975       42.857143            0.098056              0.957137
2025-12-18             49      -0.039388          -0.000396            -0.001471               -0.001075       46.938776            0.058668              0.956758
2025-12-22             49       0.039286          -0.008389             0.015359                0.023749       51.020408            0.097954              0.948731
2025-12-23             49       0.171939           0.002330             0.003749                0.001420       63.265306            0.269893              0.950942
2025-12-24             49       0.159286           0.001522             0.002682                0.001160       55.102041            0.429179              0.952389
2025-12-26             49       0.054082          -0.000670            -0.001714               -0.001044       55.102041            0.483260              0.951751
2025-12-29             49      -0.007245          -0.000991            -0.004418               -0.003427       55.102041            0.476015              0.950808
2025-12-30             49      -0.096939          -0.008071            -0.003165                0.004906       46.938776            0.379077              0.943134
2025-12-31             49       0.106531           0.001037             0.006075                0.005038       59.183673            0.485607              0.944111
2026-01-01             49      -0.388980          -0.016530            -0.007515                0.009015       30.612245            0.096628              0.928505
2026-01-02             49      -0.046327          -0.000405             0.007447                0.007852       46.938776            0.050301              0.928129
2026-01-05             49      -0.066939          -0.002420            -0.000926                0.001494       46.938776           -0.016638              0.925883
2026-01-06             49      -0.025204          -0.003017             0.000045                0.003062       55.102041           -0.041842              0.923089
2026-01-07             49       0.082857           0.004853             0.001970               -0.002882       55.102041            0.041015              0.927569
2026-01-08             49       0.127143           0.005234            -0.009292               -0.014525       46.938776            0.168158              0.932424
2026-01-09             49       0.089592          -0.002340            -0.007453               -0.005112       59.183673            0.257750              0.930241
2026-01-12             49      -0.155000          -0.003659             0.004472                0.008131       46.938776            0.102750              0.926838
2026-01-13             49      -0.135612          -0.011605            -0.012233               -0.000628       55.102041           -0.032862              0.916082
2026-01-14             49       0.140714           0.003970             0.003994                0.000025       55.102041            0.107852              0.919718
2026-01-16             49      -0.079490          -0.000839            -0.006831               -0.005993       46.938776            0.028362              0.918947
2026-01-20             48      -0.025185          -0.002788            -0.017434               -0.014646       54.166667            0.003178              0.916385
2026-01-21             48       0.020734           0.002626             0.003113                0.000487       58.333333            0.023912              0.918791
2026-01-22             48       0.219279           0.010519             0.015738                0.005220       58.333333            0.243191              0.928455
2026-01-23             48      -0.078593           0.003680            -0.011489               -0.015169       58.333333            0.164598              0.931871
2026-01-27             48      -0.154255          -0.006419            -0.001525                0.004895       50.000000            0.010342              0.925889
2026-01-28             48       0.029744           0.006807             0.012985                0.006178       58.333333            0.040086              0.932192
2026-01-29             48      -0.184433          -0.010006            -0.001044                0.008962       41.666667           -0.144347              0.922864
2026-01-30             48       0.226769           0.017287             0.001237               -0.016049       54.166667            0.082422              0.938818
2026-02-01             48       0.269323           0.015396            -0.013305               -0.028701       54.166667            0.351745              0.953272
2026-02-02             48       0.068389           0.010762             0.018727                0.007965       45.833333            0.420134              0.963531
2026-02-03             48       0.180525           0.005113             0.026064                0.020951       58.333333            0.600659              0.968457
2026-02-04             48       0.039188           0.012358             0.015601                0.003243       45.833333            0.639847              0.980425
2026-02-05             48       0.063613           0.000879            -0.000523               -0.001402       58.333333            0.703460              0.981287
2026-02-06             48       0.105949           0.011329             0.009846               -0.001483       58.333333            0.809409              0.992404
2026-02-09             48      -0.080981          -0.006326             0.005261                0.011586       45.833333            0.728427              0.986127
2026-02-10             48      -0.197954          -0.007341             0.001435                0.008776       37.500000            0.530474              0.978887
2026-02-11             48       0.074251           0.007324             0.007132               -0.000192       54.166667            0.604725              0.986057
2026-02-12             48      -0.102692          -0.014102            -0.016741               -0.002639       50.000000            0.502033              0.972152
2026-02-13             48       0.159249           0.003025            -0.012909               -0.015935       58.333333            0.661281              0.975093
2026-02-16             48       0.104646           0.003124             0.006648                0.003524       54.166667            0.765927              0.978139
2026-02-17             48       0.055363           0.003525             0.001923               -0.001602       45.833333            0.821290              0.981588
2026-02-18             48      -0.040816          -0.001760            -0.000760                0.001000       54.166667            0.780474              0.979860
2026-02-20             49      -0.127449          -0.009756            -0.012177               -0.002421       46.938776            0.653025              0.970301
2026-02-23             49      -0.055612          -0.002796            -0.001296                0.001500       55.102041            0.597412              0.967588
2026-02-24             49      -0.184388          -0.005828            -0.014415               -0.008586       42.857143            0.413025              0.961948
2026-02-25             49      -0.186837          -0.002969             0.004398                0.007368       46.938776            0.226188              0.959092
2026-02-26             49      -0.094898          -0.002601             0.000418                0.003019       42.857143            0.131290              0.956597
2026-02-27             49       0.072041           0.001590            -0.009531               -0.011122       55.102041            0.203331              0.958119
2026-03-02             49      -0.004490          -0.002839            -0.012765               -0.009925       59.183673            0.198841              0.955398
2026-03-04             49       0.097347           0.001864            -0.015117               -0.016981       51.020408            0.296188              0.957179
2026-03-05             49      -0.035612          -0.004224             0.011278                0.015502       55.102041            0.260576              0.953136
2026-03-06             49      -0.009796          -0.002752            -0.011159               -0.008407       46.938776            0.250780              0.950512
2026-03-09             49       0.222653           0.010794            -0.015974               -0.026769       55.102041            0.473433              0.960772
2026-03-10             49      -0.126735          -0.006885             0.016892                0.023777       38.775510            0.346698              0.954157
2026-03-11             49       0.083265           0.004128            -0.009924               -0.014052       51.020408            0.429963              0.958096
2026-03-12             49       0.058061           0.003713            -0.008184               -0.011897       55.102041            0.488025              0.961653
2026-03-13             49       0.056837           0.005783            -0.017257               -0.023039       55.102041            0.544861              0.967213
2026-03-16             49       0.266122           0.015550             0.015624                0.000074       55.102041            0.810984              0.982254
2026-03-17             49      -0.013673          -0.002303             0.008143                0.010447       51.020408            0.797310              0.979991
2026-03-18             49       0.177857           0.003371             0.009598                0.006228       63.265306            0.975168              0.983294
2026-03-19             49      -0.156735          -0.004442            -0.032429               -0.027987       42.857143            0.818433              0.978927
2026-03-20             49       0.022755           0.005053             0.006091                0.001038       42.857143            0.841188              0.983873
2026-03-23             49       0.155714           0.000927            -0.030956               -0.031884       55.102041            0.996902              0.984786
2026-03-24             49       0.270306           0.014067             0.026853                0.012786       63.265306            1.267208              0.998639
2026-03-25             49       0.008061           0.001612             0.015618                0.014006       46.938776            1.275270              1.000249
2026-03-27             49       0.040408          -0.000330            -0.018240               -0.017911       46.938776            1.315678              0.999919
2026-03-30             49      -0.233469          -0.021025            -0.028587               -0.007562       46.938776            1.082208              0.978896
2026-04-01             49       0.159184          -0.000073             0.014455                0.014528       59.183673            1.241392              0.978824
2026-04-02             49      -0.025460           0.000465            -0.002229               -0.002694       55.102041            1.215932              0.979279
2026-04-06             49       0.030612           0.002708             0.013604                0.010896       55.102041            1.246544              0.981931
2026-04-07             49      -0.101429          -0.001762             0.007591                0.009352       46.938776            1.145116              0.980202
2026-04-08             49      -0.031020          -0.014140             0.020994                0.035134       46.938776            1.114095              0.966342
2026-04-09             49       0.036837           0.006628            -0.000629               -0.007257       55.102041            1.150932              0.972747
2026-04-10             49       0.107347           0.005140             0.005128               -0.000012       59.183673            1.258279              0.977747
2026-04-13             49      -0.142959           0.002567            -0.010428               -0.012995       38.775510            1.115320              0.980257
2026-04-15             49       0.293878           0.013852             0.028572                0.014720       51.020408            1.409198              0.993836
2026-04-16             49      -0.216224          -0.002935            -0.003272               -0.000337       38.775510            1.192973              0.990919
2026-04-17             49      -0.076224          -0.005068            -0.000320                0.004748       51.020408            1.116749              0.985897
2026-04-20             49      -0.114592          -0.004751            -0.005990               -0.001239       51.020408            1.002157              0.981214
2026-04-21             49       0.058061          -0.001659             0.006910                0.008569       55.102041            1.060218              0.979586
2026-04-23             49      -0.228776          -0.013391            -0.017644               -0.004253       42.857143            0.831442              0.966468
2026-04-24             49      -0.247245          -0.018341            -0.021094               -0.002754       42.857143            0.584198              0.948743
2026-04-27             49       0.159796           0.011595             0.015758                0.004163       55.102041            0.743993              0.959744
2026-04-28             49      -0.033265          -0.006049            -0.005429                0.000620       51.020408            0.710728              0.953938
2026-04-29             49      -0.042245           0.001501             0.002007                0.000506       55.102041            0.668483              0.955370
2026-04-30             49       0.121633           0.006148            -0.003836               -0.009985       59.183673            0.790116              0.961244
2026-05-04             49      -0.265918          -0.012745            -0.002184                0.010561       42.857143            0.524198              0.948993
2026-05-05             49       0.120408           0.003757            -0.000535               -0.004292       55.102041            0.644606              0.952559
2026-05-06             49       0.039082           0.001392             0.015070                0.013678       42.857143            0.683687              0.953884
2026-05-07             49      -0.224796          -0.001379             0.002127                0.003505       38.775510            0.458891              0.952569
2026-05-08             49      -0.008878          -0.002953             0.001215                0.004169       51.020408            0.450014              0.949756
2026-05-11             49       0.015408           0.009311            -0.006218               -0.015529       51.020408            0.465422              0.958599
2026-05-12             49      -0.074490          -0.009947            -0.022976               -0.013030       46.938776            0.390932              0.949064
2026-05-13             49      -0.084388          -0.000392            -0.002691               -0.002299       46.938776            0.306544              0.948692
2026-05-14             49      -0.070306          -0.010944             0.002911                0.013854       51.020408            0.236238              0.938310
2026-05-15             49       0.269694           0.011996             0.005129               -0.006866       59.183673            0.505932              0.949566
2026-05-18             49       0.404184           0.009474             0.002542               -0.006932       63.265306            0.910116              0.958562
2026-05-19             49       0.275714           0.007171             0.009541                0.002370       63.265306            1.185830              0.965436
2026-05-20             49      -0.037041          -0.000592             0.003010                0.003603       46.938776            1.148789              0.964864
2026-05-21             49       0.048061           0.004919             0.006047                0.001128       46.938776            1.196851              0.969609
2026-05-22             49       0.089390           0.002075             0.003453                0.001378       46.938776            1.286241              0.971621
2026-05-25             48       0.279744           0.008279             0.017599                0.009320       58.333333            1.565984              0.979666
2026-05-26             48      -0.216457          -0.005345            -0.005778               -0.000432       50.000000            1.349528              0.974429
2026-05-27             48       0.061984           0.006203             0.003918               -0.002284       58.333333            1.411512              0.980473
2026-05-29             48      -0.265632          -0.010348            -0.020987               -0.010639       41.666667            1.145880              0.970328
2026-06-01             48      -0.056665          -0.003281            -0.007011               -0.003730       45.833333            1.089215              0.967144
2026-06-02             48       0.205384           0.018086             0.017857               -0.000229       50.000000            1.294599              0.984636
2026-06-03             48      -0.019757           0.004083            -0.002897               -0.006980       54.166667            1.274842              0.988656
2026-06-04             48      -0.071754          -0.003867            -0.000689                0.003178       45.833333            1.203088              0.984833
2026-06-05             48       0.067846           0.006147             0.000147               -0.006000       41.666667            1.270935              0.990887
2026-06-08             48      -0.124620          -0.005570            -0.020578               -0.015008       50.000000            1.146314              0.985367
2026-06-09             48       0.024914          -0.001860             0.006654                0.008514       58.333333            1.171228              0.983535
2026-06-10             48      -0.292010          -0.013778            -0.014752               -0.000973       37.500000            0.879218              0.969983
2026-06-11             48       0.003582          -0.000739            -0.006352               -0.005613       50.000000            0.882800              0.969266
2026-06-12             48       0.194203           0.008396             0.023209                0.014814       54.166667            1.077003              0.977403
2026-06-15             48       0.238602           0.006736             0.018953                0.012217       54.166667            1.315605              0.983988
2026-06-16             48       0.177703           0.006760             0.005129               -0.001631       54.166667            1.493308              0.990639
2026-06-17             48       0.033109          -0.011172            -0.002179                0.008993       50.000000            1.526417              0.979572
2026-06-18             48      -0.250278          -0.007078            -0.002237                0.004841       50.000000            1.276139              0.972638
2026-06-19             48      -0.315241          -0.017245            -0.013445                0.003800       45.833333            0.960898              0.955865