tree
version=v4
num_class=1
num_tree_per_iteration=1
label_index=0
max_feature_idx=34
objective=regression
feature_names=Category_3_rsi_7d Category_5_consecutive_down_days Category_7_cross_sectional_return_zscore Category_5_candle_direction Category_8_rsi_volume_divergence Category_3_macd_histogram Category_5_upper_shadow_ratio Category_1_close_to_high_distance Category_1_return_120d Category_4_log_turnover Category_4_volume_momentum Category_4_volume_ratio_20d Category_8_breakout_signal Category_1_52_week_high_distance Category_7_return_rank_percentile_20d Category_8_reversal_signal Category_2_volatility_ratio_20d_60d Category_3_macd_line Category_4_ad_line Category_7_sector_relative_return Category_5_body_ratio Category_5_bollinger_band_width Category_8_trend_strength Category_4_obv Category_2_rolling_kurtosis_20d Category_8_gap_volume_interaction Category_2_atr_14d Category_2_rolling_volatility_20d Category_2_rolling_skewness_20d Category_5_lower_shadow_ratio Category_3_ma_ratio_20_60 Category_2_volatility_ratio_5d_20d Category_7_beta_60d Category_7_cross_sectional_volume_zscore Category_6_nifty50_daily_return
feature_infos=[3.0306324097734176:100] [0:11] [-5.3189634768832192:6.3892705144428144] [-1:1] [-2:2] [-220.95171567751061:99.819677686075693] [0:0.90853649459366925] [0:0.2501368238182769] [-0.59798432474075724:1.0699613203599529] [0:25.282273933050753] [0.16184489876196448:3.3540933863330782] [0:15.156364714337661] [0:1] [-0.7076166906411937:-0.00098360077317360961] [0.020408163265306121:1] [0:1] [0.3525542439216327:1.5399796677211193] [-388.62617208622396:243.05870788004449] [-1256452140.0344672:795931935.14024985] [-0.12489162223658457:0.20127872976809558] [0:0.99337708191440122] [0.021158406537908021:0.6830461210553701] [0:0.86611627975619476] [-823061710:2536102321] [-1.6594790217971138:13.678783346208661] [-0.68224633409414615:0.36565475410310766] [1.535714830671038:361.71787806919644] [0.0054688522050947127:0.069368398037091064] [-3.4294995578883878:3.1931200023405015] [0:0.94341297701279581] [0.80796626067260424:1.2041709117707087] [0.09959415911840272:2.0026336634724555] [-0.22008695580188692:2.9407357282666342] [-0.86234765912613809:6.8825570942706653] [-0.047781038470836479:0.030259126383977542]
tree_sizes=3096 3134 3137 3139

Tree=0
num_leaves=31
num_cat=0
split_feature=34 34 8 34 25 0 34 0 34 34 34 34 21 30 21 25 26 16 34 34 34 34 34 34 34 34 34 13 34 34
split_gain=0.123002 0.0884654 0.0329791 0.020564 0.0422367 0.0175528 0.0166613 0.0162943 0.0149921 0.0263153 0.0679889 0.014813 0.0138697 0.012752 0.0124859 0.0116692 0.0115047 0.0111602 0.0129463 0.0207207 0.0100918 0.0100699 0.00971345 0.00969871 0.0208455 0.018765 0.0158695 0.0106303 0.00902843 0.0167964
threshold=-0.026456237224694253 0.00069295186084916704 -0.4227151764853086 -0.0025836972914117236 0.016801119672358655 32.509044507771144 -0.007055843286263074 25.023751935286153 -0.0019351971411846745 -0.0017184895882295657 -0.0016513414640419997 -0.0024511087136094285 0.045435263790947568 0.95718284418017519 0.076492854360158014 -0.0026054464454703026 5.967855181012836 0.81395921158823192 -0.023231434095942079 -0.012910709738557789 0.00061666551792594071 -0.006438830500617331 -0.013138615634073645 0.014384934600492285 0.016859743544980991 0.00886842420413614 0.0073663200916043179 -0.10653058118458518 -0.0093428435557140737 -0.012354352583770876
decision_type=8 8 10 10 8 8 10 8 10 10 10 10 10 10 10 10 8 8 10 10 10 10 10 10 10 8 10 2 10 10
left_child=14 2 3 7 8 12 -4 16 -5 -10 -11 21 -3 -14 -1 17 -2 -9 -19 22 -13 -8 -20 25 -25 26 -7 -27 29 -17
right_child=1 5 6 4 -6 23 11 15 9 10 -12 20 13 -15 -16 28 -18 18 19 -21 -22 -23 -24 24 -26 27 -28 -29 -30 -31
leaf_value=0.00079180561138868298 -0.00049056873684875024 9.5610650060824493e-05 0.00047353004936587917 -0.00028645877386157027 0.00057114942931709746 0.00045009170326258826 -0.0001865879961587166 0.00044116470149753028 0.00050627916833028796 -0.0011043112665834866 0.00010647752858731281 0.00041163950654440212 0.00091085820584483961 0.00055602785654305801 0.0012984638627713408 0.00033665916338768576 0.0001258759155505578 0.00060206514577604536 -2.9923792918075929e-05 0.00023014243203086981 -2.8623447692027466e-05 0.00025469946745086951 -0.00059152983503596977 0.00010244812359125208 0.00043637593403671822 0.0006467180816649707 0.0002763980495457737 0.00047892667035626135 0.00029947908028101085 0.0007413291251434853
leaf_weight=66 30 38 880 144 133 2464 49 174 96 48 320 1072 151 230 130 271 297 60 150 601 49 927 34 228 642 587 586 807 748 140
leaf_count=66 30 38 880 144 133 2464 49 174 96 48 320 1072 151 230 130 271 297 60 150 601 49 927 34 228 642 587 586 807 748 140
internal_value=0.000382404 0.000370183 0.000291857 0.000225718 8.68846e-05 0.000455204 0.000363972 0.000266787 -1.90483e-05 6.39411e-05 -5.14514e-05 0.000317996 0.000642146 0.000696656 0.00112785 0.000296434 6.93214e-05 0.000222376 0.000177324 0.00014486 0.000392395 0.000232545 -0.000133699 0.000440464 0.000348864 0.000458396 0.00041672 0.000549582 0.000361545 0.000474503
internal_weight=12152 11956 6223 3246 741 5733 2977 2505 608 464 368 2097 419 381 196 2178 327 1019 845 785 1121 976 184 5314 870 4444 3050 1394 1159 411
internal_count=12152 11956 6223 3246 741 5733 2977 2505 608 464 368 2097 419 381 196 2178 327 1019 845 785 1121 976 184 5314 870 4444 3050 1394 1159 411
is_linear=0
shrinkage=1


Tree=1
num_leaves=31
num_cat=0
split_feature=34 34 8 34 34 34 34 27 34 34 34 0 34 34 34 34 34 34 34 34 11 11 30 21 34 34 34 34 34 34
split_gain=0.115733 0.0832371 0.03103 0.019602 0.0301761 0.0214028 0.0307391 0.0208811 0.0242923 0.0181377 0.0262694 0.0165155 0.0163729 0.0248699 0.0701359 0.0156766 0.0147605 0.0143546 0.0142939 0.0139375 0.0130563 0.0121823 0.0120651 0.011748 0.0115031 0.0113377 0.0100142 0.0119624 0.00949534 0.0094748
threshold=-0.026456237224694253 0.00069295186084916704 -0.4227151764853086 -0.0078993491613051896 -0.0068420716775486881 -0.012910709738557789 -0.013138615634073645 0.010460072783099929 -0.0025836972914117236 -0.014675824142623915 -0.016961687823260293 32.509044507771144 -0.0019351971411846745 -0.0017184895882295657 -0.0016513414640419997 -0.007055843286263074 -0.0043900981885194304 -0.012690787584734962 -0.012602815705817892 -0.0024511087136094285 0.18463899569579509 1.2541457473629576 0.95718284418017519 0.076492854360158014 -0.0045522136540265259 -0.0093428435557140737 -0.0011808216238268219 -0.0010679301103725944 0.00061666551792594071 -0.006438830500617331
decision_type=8 8 10 10 10 10 10 10 10 10 10 8 10 10 10 10 10 10 10 10 10 8 10 10 10 10 10 10 10 10
left_child=23 2 3 5 -5 6 9 -6 16 10 -2 20 -10 -14 -15 -4 24 -7 -19 29 -3 25 -22 -1 -9 -20 -16 -28 -21 -17
right_child=1 11 15 4 7 17 -8 8 12 -11 -12 -13 13 14 26 19 -18 18 21 28 22 -23 -24 -25 -26 -27 27 -29 -30 -31
leaf_value=0.0003971198371106187 -5.7146058748520329e-05 -0.00028613949044311817 8.8392535000754042e-05 -0.00095326846674540812 0.00021806850442183479 0.00052128417332471364 -0.00093072186822869935 -0.00020502452506307859 -0.00064593287255515215 0.00040440978161629518 -0.00053648093939417019 5.6318175076125559e-05 0.00013992873638706056 -0.0014541397128629556 -5.6961446543573405e-05 -0.00055192195281756999 -2.5180631130537568e-05 -0.00050416763596906693 0.00025251068900957705 2.8358711738767293e-05 0.00051260084849968283 -0.00010485723855245169 0.00016775547112685032 0.0008885783402323655 -0.0006924924323791447 -6.64555440018816e-05 -0.00078856868880838914 -0.00024777176949371363 -0.00039869635913530557 -0.00012387312378995107
leaf_weight=66 343 37 880 49 102 49 49 393 147 49 147 5314 99 49 150 49 539 49 266 1072 151 359 231 130 49 161 49 148 49 927
leaf_count=66 343 37 880 49 102 49 49 393 147 49 147 5314 99 49 150 49 539 49 266 1072 151 359 231 130 49 161 49 148 49 927
internal_value=-1.29718e-12 -1.18539e-05 -8.78301e-05 -0.000151985 -0.000219139 -7.10527e-05 -0.000211315 -0.000198285 -0.000224452 -0.000145914 -0.000200947 7.06161e-05 -0.000367923 -0.000285362 -0.000391685 -1.78786e-05 -0.00013056 2.22437e-05 -7.04127e-06 -6.2475e-05 0.00025195 2.39501e-05 0.000304069 0.000723087 -0.000259065 0.000132245 -0.000241655 -0.000382285 9.69172e-06 -0.000145363
internal_weight=12152 11956 6223 3246 1774 1472 588 1725 1623 539 490 5733 642 495 396 2977 981 884 835 2097 419 786 382 196 442 427 347 197 1121 976
internal_count=12152 11956 6223 3246 1774 1472 588 1725 1623 539 490 5733 642 495 396 2977 981 884 835 2097 419 786 382 196 442 427 347 197 1121 976
is_linear=0
shrinkage=0.03


Tree=2
num_leaves=31
num_cat=0
split_feature=34 34 8 34 34 34 34 27 34 34 34 0 34 34 34 34 34 34 34 34 21 11 30 21 34 34 34 32 30 34
split_gain=0.108893 0.0783178 0.0291961 0.0184435 0.0283927 0.0201379 0.0289224 0.019647 0.0228566 0.0170658 0.0247169 0.0155394 0.0154053 0.0234001 0.0659909 0.0147501 0.0138882 0.0135062 0.0134491 0.0131138 0.0123016 0.0114623 0.0112839 0.0110537 0.0108233 0.0106677 0.00942235 0.0116796 0.0092155 0.00912552
threshold=-0.026456237224694253 0.00069295186084916704 -0.4227151764853086 -0.0078993491613051896 -0.0068420716775486881 -0.012910709738557789 -0.013138615634073645 0.010460072783099929 -0.0025836972914117236 -0.014675824142623915 -0.016961687823260293 32.509044507771144 -0.0019351971411846745 -0.0017184895882295657 -0.0016513414640419997 -0.007055843286263074 -0.0043900981885194304 -0.012690787584734962 -0.012602815705817892 -0.0024511087136094285 0.045435263790947568 1.2541457473629576 0.95718284418017519 0.076492854360158014 -0.0045522136540265259 -0.0093428435557140737 -0.0011808216238268219 0.6826577113534813 0.91431418964869537 0.014384934600492285
decision_type=8 8 10 10 10 10 10 10 10 10 10 8 10 10 10 10 10 10 10 10 10 8 10 10 10 10 10 10 10 10
left_child=23 2 3 5 -5 6 9 -6 16 10 28 20 -10 -14 -15 -4 24 -7 -19 -17 -3 25 -22 -1 -9 -20 -16 -28 -2 -13
right_child=1 11 15 4 7 17 -8 8 12 -11 -12 29 13 14 26 19 -18 18 21 -21 22 -23 -24 -25 -26 -27 27 -29 -30 -31
leaf_value=0.00038520624060765839 0.00015654859168716937 -0.00027032176504450801 8.5740759198167565e-05 -0.00092467042308642846 0.00021152646132096005 0.00050564564648084346 -0.00090280024116212612 -0.000198873787417871 -0.00062655488858878489 0.00039227749006014927 -0.00052038651254332176 7.2023126760678883e-05 0.00013573088049959164 -0.0014105155095766888 -5.5252602670225308e-05 -0.00014100238407829333 -2.4425209622168613e-05 -0.00048904261135731403 0.00024493536914105892 9.4009764992803601e-06 0.00049722281884198116 -0.00010171151839159066 0.00016344195698298869 0.0008619209839962422 -0.0006717176458320808 -6.4461877235946798e-05 -7.3006932118398646e-05 -0.00054998595678004746 -0.00016950176761620323 -3.4223251935976618e-05
leaf_weight=66 120 38 880 49 102 49 49 393 147 49 147 4444 99 49 150 976 539 49 266 1121 151 359 230 130 49 161 74 123 223 870
leaf_count=66 120 38 880 49 102 49 49 393 147 49 147 4444 99 49 150 976 539 49 266 1121 151 359 230 130 49 161 74 123 223 870
internal_value=3.71357e-13 -1.14983e-05 -8.51952e-05 -0.000147425 -0.000212565 -6.89212e-05 -0.000204975 -0.000192337 -0.000217718 -0.000141537 -0.000194918 6.84976e-05 -0.000356885 -0.000276801 -0.000379934 -1.73423e-05 -0.000126643 2.15764e-05 -6.83003e-06 -6.06008e-05 0.000244392 2.32316e-05 0.000295728 0.000701395 -0.000251293 0.000128277 -0.000234405 -0.000370816 -5.54317e-05 5.46286e-05
internal_weight=12152 11956 6223 3246 1774 1472 588 1725 1623 539 490 5733 642 495 396 2977 981 884 835 2097 419 786 381 196 442 427 347 197 343 5314
internal_count=12152 11956 6223 3246 1774 1472 588 1725 1623 539 490 5733 642 495 396 2977 981 884 835 2097 419 786 381 196 442 427 347 197 343 5314
is_linear=0
shrinkage=0.03


Tree=3
num_leaves=31
num_cat=0
split_feature=34 34 8 34 34 34 34 27 34 34 34 0 34 34 34 34 34 34 34 34 10 10 34 21 34 30 34 34 34 34
split_gain=0.102457 0.0736892 0.0274706 0.0173535 0.0267147 0.0189477 0.0272131 0.0184859 0.0215058 0.0160572 0.0232562 0.014621 0.0144948 0.0220172 0.0620908 0.0138784 0.0130674 0.012708 0.0126543 0.0124381 0.0116907 0.0108434 0.0120173 0.0104004 0.0101836 0.0100489 0.00886549 0.0110825 0.00881558 0.00893417
threshold=-0.026456237224694253 0.00069295186084916704 -0.4227151764853086 -0.0078993491613051896 -0.0068420716775486881 -0.012910709738557789 -0.013138615634073645 0.010460072783099929 -0.0025836972914117236 -0.014675824142623915 -0.016961687823260293 32.509044507771144 -0.0019351971411846745 -0.0017184895882295657 -0.0016513414640419997 -0.007055843286263074 -0.0043900981885194304 -0.012690787584734962 -0.012602815705817892 -0.006438830500617331 0.69592408105018122 1.2296886277717731 -0.0093428435557140737 0.076492854360158014 -0.0045522136540265259 0.95718284418017519 -0.0011808216238268219 -0.0010679301103725944 -0.0024511087136094285 0.00061666551792594071
decision_type=8 8 10 10 10 8 10 10 10 10 10 8 10 10 10 10 10 10 10 10 10 8 10 10 10 10 10 10 10 10
left_child=23 2 3 5 -5 6 9 -6 16 10 -2 20 -10 -14 -15 -4 24 -7 -19 -17 -3 22 -20 -1 -9 -22 -16 -28 -21 -30
right_child=1 11 15 4 7 17 -8 8 12 -11 -12 -13 13 14 26 19 -18 18 21 28 25 -23 -24 -25 -26 -27 27 -29 29 -31
leaf_value=0.00037365004507591945 -5.3768724848821811e-05 -0.00016639463168108444 8.3168535825031779e-05 -0.00089693030713088051 0.00020518066142839788 0.00049047626208095828 -0.00087571621796458346 -0.000192907570356073 -0.00060775823364843851 0.00038050917069289868 -0.00050477491542031717 5.2989768772867248e-05 0.00013165895222989616 -0.0013682000410068325 -5.359501930652186e-05 -0.0005311342298741971 -2.3692455764162609e-05 -0.0004743713302310907 0.00024533854648365634 -0.00011592686362482297 0.00049063628877700797 -0.00010087520373969012 -8.1269059214887575e-05 0.00083606334871812855 -0.00065156611142031451 0.00016908626332325284 -0.00075074829075637522 -0.00023022024977320611 2.7225923908760584e-05 -0.00038701750997368397
leaf_weight=66 343 56 880 49 102 49 49 393 147 49 147 5314 99 49 150 49 539 49 271 927 147 353 162 130 49 216 49 148 1072 49
leaf_count=66 343 56 880 49 102 49 49 393 147 49 147 5314 99 49 150 49 539 49 271 927 147 353 162 130 49 216 49 148 1072 49
internal_value=-1.9471e-12 -1.11533e-05 -8.26394e-05 -0.000143002 -0.000206188 -6.68535e-05 -0.000198826 -0.000186567 -0.000211187 -0.000137291 -0.000189071 6.64426e-05 -0.000346178 -0.000268497 -0.000368536 -1.6822e-05 -0.000122844 2.09291e-05 -6.62513e-06 -5.87828e-05 0.00023706 2.25346e-05 0.000123144 0.000680353 -0.000243754 0.000299301 -0.000227373 -0.000359692 -4.74814e-05 9.11894e-06
internal_weight=12152 11956 6223 3246 1774 1472 588 1725 1623 539 490 5733 642 495 396 2977 981 884 835 2097 419 786 433 196 442 363 347 197 2048 1121
internal_count=12152 11956 6223 3246 1774 1472 588 1725 1623 539 490 5733 642 495 396 2977 981 884 835 2097 419 786 433 196 442 363 347 197 2048 1121
is_linear=0
shrinkage=0.03


end of trees

feature_importances:
Category_6_nifty50_daily_return=86
Category_5_bollinger_band_width=6
Category_3_rsi_7d=5
Category_3_ma_ratio_20_60=5
Category_1_return_120d=4
Category_4_volume_ratio_20d=3
Category_2_rolling_volatility_20d=3
Category_4_volume_momentum=2
Category_8_gap_volume_interaction=2
Category_1_52_week_high_distance=1
Category_2_volatility_ratio_20d_60d=1
Category_2_atr_14d=1
Category_7_beta_60d=1

parameters:
[boosting: gbdt]
[objective: regression]
[metric: l2]
[tree_learner: serial]
[device_type: cpu]
[data_sample_strategy: bagging]
[data: ]
[valid: ]
[num_iterations: 1000]
[learning_rate: 0.03]
[num_leaves: 31]
[num_threads: 64]
[seed: 42]
[deterministic: 0]
[force_col_wise: 0]
[force_row_wise: 0]
[histogram_pool_size: -1]
[max_depth: -1]
[min_data_in_leaf: 30]
[min_sum_hessian_in_leaf: 0.001]
[bagging_fraction: 1]
[pos_bagging_fraction: 1]
[neg_bagging_fraction: 1]
[bagging_freq: 0]
[bagging_seed: 400]
[bagging_by_query: 0]
[feature_fraction: 1]
[feature_fraction_bynode: 1]
[feature_fraction_seed: 30056]
[extra_trees: 0]
[extra_seed: 12879]
[early_stopping_round: 0]
[early_stopping_min_delta: 0]
[first_metric_only: 0]
[max_delta_step: 0]
[lambda_l1: 0]
[lambda_l2: 0]
[linear_lambda: 0]
[min_gain_to_split: 0]
[drop_rate: 0.1]
[max_drop: 50]
[skip_drop: 0.5]
[xgboost_dart_mode: 0]
[uniform_drop: 0]
[drop_seed: 17869]
[top_rate: 0.2]
[other_rate: 0.1]
[min_data_per_group: 100]
[max_cat_threshold: 32]
[cat_l2: 10]
[cat_smooth: 10]
[max_cat_to_onehot: 4]
[top_k: 20]
[monotone_constraints: ]
[monotone_constraints_method: basic]
[monotone_penalty: 0]
[feature_contri: ]
[forcedsplits_filename: ]
[refit_decay_rate: 0.9]
[cegb_tradeoff: 1]
[cegb_penalty_split: 0]
[cegb_penalty_feature_lazy: ]
[cegb_penalty_feature_coupled: ]
[path_smooth: 0]
[interaction_constraints: ]
[verbosity: -1]
[saved_feature_importance_type: 0]
[use_quantized_grad: 0]
[num_grad_quant_bins: 4]
[quant_train_renew_leaf: 0]
[stochastic_rounding: 1]
[linear_tree: 0]
[max_bin: 255]
[max_bin_by_feature: ]
[min_data_in_bin: 3]
[bin_construct_sample_cnt: 200000]
[data_random_seed: 175]
[is_enable_sparse: 1]
[enable_bundle: 1]
[use_missing: 1]
[zero_as_missing: 0]
[feature_pre_filter: 1]
[pre_partition: 0]
[two_round: 0]
[header: 0]
[label_column: ]
[weight_column: ]
[group_column: ]
[ignore_column: ]
[categorical_feature: ]
[forcedbins_filename: ]
[precise_float_parser: 0]
[parser_config_file: ]
[objective_seed: 16083]
[num_class: 1]
[is_unbalance: 0]
[scale_pos_weight: 1]
[sigmoid: 1]
[boost_from_average: 1]
[reg_sqrt: 0]
[alpha: 0.9]
[fair_c: 1]
[poisson_max_delta_step: 0.7]
[tweedie_variance_power: 1.5]
[lambdarank_truncation_level: 30]
[lambdarank_norm: 1]
[label_gain: ]
[lambdarank_position_bias_regularization: 0]
[eval_at: ]
[multi_error_top_k: 1]
[auc_mu_weights: ]
[num_machines: 1]
[local_listen_port: 12400]
[time_out: 120]
[machine_list_filename: ]
[machines: ]
[gpu_platform_id: -1]
[gpu_device_id: -1]
[gpu_device_id_list: ]
[gpu_use_dp: 0]
[num_gpu: 1]

end of parameters

pandas_categorical:[]
